14 3796 4716.4033 194.2574 -4.7398 1.0000 8 21.5159
28 1141 2117.1200 115.5181 -8.4499 1.0000 9 6.4678
30 407 902.6675 76.1943 -6.5020 1.0000 7 2.3085
74 7929 7805.2233 231.7537 0.5341 0.2700 11 44.9458
76 23213 28025.6300 398.0422 -12.0916 1.0000 10 131.5818
78 7064 7256.7625 124.6030 -1.5450 0.9500 11 40.0439
90 345 618.8650 63.4508 -4.3122 1.0000 6 1.9571
92 2139 2598.4200 104.7900 -4.3842 1.0000 10 12.1250
94 775 586.0780 57.4259 3.2864 0.0000 7 4.3920
204 2574 4121.3175 259.4340 -5.9642 1.0000 9 14.5908
206 1241 1148.6080 71.4786 1.2926 0.1100 9 7.0347
222 222 63.1050 18.0749 8.7909 0.0000 5 1.2584
280 4264 4915.0367 219.5865 -2.9648 0.9900 10 24.1706
282 1121 2391.2600 126.2816 -10.0589 1.0000 7 6.3544
286 48 376.4960 41.0222 -8.0078 1.0000 5 0.2721
328 2687 3332.7900 187.1947 -3.4498 1.0000 10 15.2314
330 47 339.7975 64.6558 -4.5286 1.0000 4 0.2664
332 1315 2896.2250 159.3333 -9.9240 1.0000 9 7.4541
334 75 417.7540 51.8317 -6.6128 1.0000 6 0.4251
344 2461 1715.1925 84.6962 8.8057 0.0000 10 13.9503
346 121 243.8080 28.7959 -4.2648 1.0000 5 0.6859
348 1129 1261.3860 91.2320 -1.4511 0.9500 8 6.3998
350 144 216.7017 24.2984 -2.9920 1.0000 5 0.8163
390 673 963.2575 69.6379 -4.1681 1.0000 7 3.8149
392 12807 11778.5833 370.3931 2.7766 0.0000 11 72.5969
394 1349 1135.3475 70.7348 3.0205 0.0000 9 7.6469
396 2243 3203.7425 146.7284 -6.5478 1.0000 10 12.7145
398 228 476.6520 43.0794 -5.7719 1.0000 7 1.2924
404 4404 5110.7175 181.0474 -3.9035 1.0000 8 24.9642
406 151 677.0000 55.9411 -9.4027 1.0000 7 0.8559
408 6004 5983.7475 154.2669 0.1313 0.4100 9 34.0339
410 1087 786.6000 68.1388 4.4086 0.0000 10 6.1617
412 661 1380.5060 73.7361 -9.7578 1.0000 9 3.7469
414 68 248.4733 26.5340 -6.8016 1.0000 5 0.3855
454 96 286.7920 37.4590 -5.0934 1.0000 5 0.5442
456 1345 2049.0550 102.9280 -6.8403 1.0000 10 7.6242
458 29 112.5120 22.8058 -3.6619 1.0000 3 0.1644
460 779 1664.1380 104.8291 -8.4436 1.0000 9 4.4158
462 47 135.2217 23.5565 -3.7451 1.0000 5 0.2664
468 2162 2089.9160 113.2970 0.6398 0.2600 8 12.2576
470 186 280.7483 32.8191 -2.8819 1.0000 6 1.0553
472 1333 1547.6280 74.1604 -2.8941 1.0000 9 7.5562
474 53 111.6700 17.1781 -3.4154 1.0000 5 0.3004
476 921 1071.2817 59.1364 -2.5413 1.0000 8 5.2207
478 133 95.2700 13.6342 2.7673 0.0100 6 0.7539
856 387 136.9760 20.2725 12.3331 0.0000 5 2.1937
858 203 171.9300 21.1840 1.4667 0.0800 4 1.1507
862 108 65.3714 19.8173 2.1511 0.0000 5 0.6122
904 1300 1030.3075 97.3670 2.7699 0.0100 9 7.3691
906 1068 568.7140 54.0741 9.2334 0.0000 9 6.0540
908 147 329.3200 34.4166 -5.2974 1.0000 8 0.8333
910 172 127.0333 17.7734 2.5300 0.0100 7 0.9750
922 453 170.1383 28.4107 9.9562 0.0000 5 2.5678
924 30 78.5000 13.1460 -3.6893 1.0000 4 0.1701
926 85 60.6029 11.1833 2.1816 0.0200 5 0.4818
972 14 111.9350 16.1012 -6.0825 1.0000 3 0.0794
974 72 78.1943 13.1727 -0.4702 0.6700 6 0.4081
990 93 23.3738 8.4890 8.2020 0.0000 4 0.5272
2184 8476 11171.3800 381.2642 -7.0696 1.0000 13 48.0465
2186 11220 11256.8100 177.8546 -0.2070 0.5900 12 63.6010
2190 1492 1447.1900 96.6182 0.4638 0.3700 9 8.4575
2202 1612 819.3580 64.8911 12.2150 0.0000 9 9.1377
2204 1073 1052.1440 54.3443 0.3838 0.3900 9 6.0823
2206 333 233.4267 28.2879 3.5200 0.0000 8 1.8876
2252 2758 2742.4420 126.9188 0.1226 0.4700 9 15.6338
2254 1470 777.5667 64.9511 10.6608 0.0000 9 8.3327
2270 218 44.7629 13.3232 13.0027 0.0000 6 1.2357
2458 897 681.1483 64.0790 3.3685 0.0000 10 5.0847
2462 52 59.1529 12.2808 -0.5824 0.7300 4 0.2948
2506 5 18.8450 6.3868 -2.1677 0.9900 1 0.0283
2510 63 54.9643 12.0108 0.6690 0.2600 5 0.3571
2524 659 218.5871 31.1488 14.1390 0.0000 6 3.7356
2526 177 40.2112 11.0945 12.3294 0.0000 6 1.0033
3038 60 4.1822 2.8922 19.2992 0.0000 4 0.3401
4370 3944 5545.4600 247.9473 -6.4589 1.0000 9 22.3567
4374 335 1145.0580 93.1713 -8.6943 1.0000 5 1.8990
4382 5 95.4933 19.5607 -4.6263 1.0000 2 0.0283
4418 341 771.8250 112.5516 -3.8278 1.0000 3 1.9330
4420 3021 3505.7700 191.6123 -2.5300 0.9900 9 17.1246
4422 554 569.1980 55.0392 -0.2761 0.6400 7 3.1404
4424 2519 2306.7775 112.8784 1.8801 0.0300 10 14.2790
4426 65 203.0940 33.2506 -4.1531 1.0000 2 0.3685
4428 504 1592.5520 87.2395 -12.4777 1.0000 7 2.8569
4430 33 180.2233 24.7410 -5.9506 1.0000 5 0.1871
4434 624 1058.9960 106.7256 -4.0758 1.0000 7 3.5372
4436 5600 6046.0440 172.2797 -2.5891 1.0000 10 31.7438
4438 869 664.5100 61.7499 3.3116 0.0000 7 4.9260
4440 2064 1937.9600 111.8542 1.1268 0.1300 9 11.6999
4442 78 232.2017 31.2668 -4.9318 1.0000 6 0.4421
4444 430 1200.6533 75.6121 -10.1922 1.0000 6 2.4375
4446 28 167.0571 17.6076 -7.8976 1.0000 4 0.1587
4546 7 39.5760 13.0684 -2.4927 1.0000 1 0.0397
4548 1091 1232.0060 76.2336 -1.8497 0.9800 10 6.1844
4550 31 59.3600 14.8370 -1.9114 0.9900 3 0.1757
4556 132 402.1933 40.7636 -6.6283 1.0000 6 0.7482
4558 10 25.3257 8.4863 -1.8059 0.9900 2 0.0567
4562 11 70.6617 16.6272 -3.5882 1.0000 5 0.0624
4564 1193 1554.7167 66.6958 -5.4234 1.0000 10 6.7626
4566 48 90.9129 16.6286 -2.5807 0.9900 4 0.2721
4572 160 458.9843 51.7379 -5.7788 1.0000 6 0.9070
4574 32 31.4600 8.1412 0.0663 0.4300 3 0.1814
4678 646 353.4760 42.8604 6.8250 0.0000 8 3.6619
4682 516 670.2340 33.4861 -4.6059 1.0000 7 2.9250
4686 91 145.9767 20.8131 -2.6414 1.0000 6 0.5158
4692 437 637.4540 71.3897 -2.8079 1.0000 7 2.4771
4694 607 401.4717 39.8126 5.1624 0.0000 7 3.4408
4698 18 197.5017 24.5139 -7.3224 1.0000 3 0.1020
4700 71 167.3800 18.6507 -5.1676 1.0000 5 0.4025
4702 49 127.2414 15.2082 -5.1447 1.0000 3 0.2778
4740 18 67.1125 15.0520 -3.2628 1.0000 2 0.1020
4742 27 77.6240 18.0522 -2.8043 1.0000 3 0.1531
4748 84 236.1980 28.6926 -5.3044 1.0000 3 0.4762
4750 29 93.1967 14.5866 -4.4011 1.0000 4 0.1644
4758 26 24.6550 7.2195 0.1863 0.4500 3 0.1474
4764 14 61.6233 13.8692 -3.4338 1.0000 4 0.0794
4766 33 43.5371 7.3635 -1.4310 0.9200 4 0.1871
4812 26 96.4017 15.2245 -4.6242 1.0000 4 0.1474
4814 28 65.3271 11.3659 -3.2841 1.0000 4 0.1587
4830 39 17.8362 5.0956 4.1534 0.0000 3 0.2211
4946 912 719.8100 61.2194 3.1394 0.0100 6 5.1697
4950 332 194.3086 47.7305 2.8848 0.0100 5 1.8820
4952 334 156.2500 19.9522 8.9088 0.0000 5 1.8933
4954 109 165.5986 17.3265 -3.2666 1.0000 4 0.6179
4958 14 51.0075 11.6156 -3.1860 1.0000 2 0.0794
4994 244 383.3960 56.9403 -2.4481 0.9900 5 1.3831
4998 47 55.6550 10.8700 -0.7962 0.8100 3 0.2664
5002 248 266.9650 30.1525 -0.6290 0.7300 6 1.4058
5004 26 165.5200 17.7857 -7.8445 1.0000 4 0.1474
5006 15 46.4529 9.1488 -3.4379 1.0000 3 0.0850
5010 453 459.0433 50.2873 -0.1202 0.5200 6 2.5678
5012 52 106.6417 17.6271 -3.0999 1.0000 5 0.2948
5014 84 58.4200 11.0643 2.3119 0.0100 3 0.4762
5016 893 579.2817 49.2835 6.3656 0.0000 8 5.0620
5018 480 291.6743 34.8779 5.3996 0.0000 6 2.7209
5020 18 68.1686 12.0345 -4.1687 1.0000 3 0.1020
5022 37 43.3575 10.1867 -0.6241 0.7200 5 0.2097
5058 27 56.4967 12.6903 -2.3244 1.0000 3 0.1531
5062 30 36.7529 9.1366 -0.7391 0.7800 3 0.1701
5064 38 102.4767 15.1305 -4.2614 1.0000 4 0.2154
5066 16 39.7271 7.9909 -2.9693 1.0000 3 0.0907
5068 21 116.4214 18.3840 -5.1905 1.0000 3 0.1190
5070 15 29.7013 6.3789 -2.3047 1.0000 2 0.0850
5074 73 77.1357 10.4913 -0.3942 0.6400 6 0.4138
5076 74 103.3429 14.2372 -2.0610 0.9900 5 0.4195
5078 34 43.7238 12.0725 -0.8054 0.7900 2 0.1927
5080 176 133.6429 18.1035 2.3397 0.0100 6 0.9977
5082 51 51.7575 10.7157 -0.0707 0.5100 4 0.2891
5084 25 67.7412 11.9202 -3.5856 1.0000 3 0.1417
5086 28 31.2156 7.6631 -0.4196 0.6500 4 0.1587
6342 12 21.2850 8.6131 -1.0780 0.9200 3 0.0680
6348 288 505.5567 59.1260 -3.6795 1.0000 6 1.6325
6350 23 38.5114 9.6485 -1.6077 0.9600 5 0.1304
6356 42 94.6550 16.1780 -3.2547 1.0000 4 0.2381
6358 10 20.2600 5.5383 -1.8525 0.9800 2 0.0567
6364 258 316.5014 36.2406 -1.6142 0.9400 7 1.4625
6366 57 26.8313 6.6054 4.5673 0.0000 6 0.3231
6550 11 29.7029 7.6201 -2.4544 1.0000 3 0.0624
6552 1465 1280.0267 114.6212 1.6138 0.0600 8 8.3044
6554 830 523.4114 40.6309 7.5457 0.0000 9 4.7049
6558 39 34.3088 7.2963 0.6430 0.3000 5 0.2211
6598 5 12.5629 4.3499 -1.7386 0.9900 2 0.0283
6602 14 27.8543 8.7326 -1.5865 0.9600 3 0.0794
6604 384 295.2657 34.0204 2.6083 0.0000 6 2.1767
6606 24 17.8350 5.0592 1.2186 0.1300 4 0.1360
6614 18 20.0837 5.6339 -0.3699 0.6700 4 0.1020
6616 790 367.7557 42.3601 9.9680 0.0000 9 4.4781
6618 46 42.6975 8.4798 0.3895 0.3600 4 0.2608
6620 655 337.5763 39.5896 8.0179 0.0000 6 3.7129
6622 100 22.5633 7.0339 11.0090 0.0000 5 0.5669
6854 6 7.1743 3.8395 -0.3058 0.6400 2 0.0340
6858 71 72.8971 14.4112 -0.1316 0.5200 5 0.4025
6862 19 11.3438 4.4336 1.7269 0.0400 3 0.1077
6870 6 9.9050 3.1993 -1.2206 0.9300 2 0.0340
6874 36 54.4850 8.7993 -2.1007 0.9900 5 0.2041
6876 22 23.9650 6.2001 -0.3169 0.6500 5 0.1247
6878 30 13.5178 4.2318 3.8949 0.0000 3 0.1701
7126 9 5.8722 3.0049 1.0409 0.1600 1 0.0510
7128 107 20.7013 7.7559 11.1268 0.0000 4 0.6065
7130 140 31.2956 8.2491 13.1777 0.0000 4 0.7936
7134 33 6.9670 3.3582 7.7520 0.0000 3 0.1871
13142 302 134.8725 34.1095 4.8997 0.0000 6 1.7119
13146 73 31.6550 7.5436 5.4808 0.0000 5 0.4138
13148 14 40.3625 8.1955 -3.2167 1.0000 2 0.0794
13150 37 39.4522 10.3896 -0.2360 0.6000 4 0.2097
13260 0 8.6237 3.8730 -2.2267 1.0000 0 0.0000
13262 4 14.3444 4.6963 -2.2027 1.0000 2 0.0227
13278 13 6.6280 3.8156 1.6700 0.0800 3 0.0737
14678 8 15.1562 4.5749 -1.5642 0.9900 2 0.0453
14686 2 3.3756 2.2733 -0.6051 0.7800 1 0.0113
14790 0 1.9612 1.6632 -1.1792 1.0000 0 0.0000
14798 11 9.2622 3.7713 0.4608 0.2600 2 0.0624
14810 25 8.8678 3.6527 4.4165 0.0000 3 0.1417
14812 22 21.0356 5.7604 0.1674 0.4600 3 0.1247
14814 23 9.7860 3.7259 3.5465 0.0000 3 0.1304
15258 160 47.4600 15.3418 7.3355 0.0000 4 0.9070
15262 59 9.2240 3.7923 13.1255 0.0000 4 0.3344
15310 18 6.2140 3.4066 3.4597 0.0100 3 0.1020
15326 43 5.3382 3.0987 12.1541 0.0000 4 0.2437
31710 4 0.3900 0.6948 5.1958 0.0000 2 0.0227
