6 2028 2333.0600 26.1702 -11.6568 1.0000 18 175.2960
12 1789 1858.3880 28.0697 -2.4720 0.9920 14 154.6374
14 375 605.1583 18.8828 -12.1888 1.0000 12 32.4142
36 3115 3440.2505 27.9858 -11.6220 1.0000 19 269.2540
38 1573 1366.0967 25.2290 8.2010 0.0000 17 135.9668
46 223 114.9002 9.4667 11.4190 0.0000 9 19.2757
74 1223 1432.8473 29.0338 -7.2277 1.0000 13 105.7135
78 63 187.9408 9.9222 -12.5921 1.0000 7 5.4456
98 22 53.8483 7.5466 -4.2202 1.0000 3 1.9016
102 107 158.9983 12.8716 -4.0398 1.0000 10 9.2489
108 553 457.4265 16.3915 5.8307 0.0000 12 47.8002
110 187 127.2140 8.8934 6.7225 0.0000 10 16.1639
238 35 14.1380 3.0526 6.8342 0.0000 6 3.0253
