subgraph id = 36
Nreal : 3115
=================================
Full list of 3115 members:

1	21	2	
1	22	2	
1	23	2	
1	27	2	
1	34	2	
1	35	2	
1	36	2	
1	38	2	
1	40	2	
1	5	3	
1	6	3	
1	21	3	
1	22	3	
1	23	3	
1	27	3	
1	36	3	
1	39	3	
1	5	4	
1	12	4	
1	13	4	
1	21	4	
1	22	4	
1	23	4	
1	27	4	
1	35	4	
1	36	4	
1	39	4	
1	14	9	
1	15	9	
1	16	9	
1	21	9	
1	22	9	
1	23	9	
1	27	9	
1	38	9	
1	12	11	
1	54	11	
1	55	11	
1	27	26	
1	35	26	
1	36	26	
1	35	32	
1	36	32	
1	38	32	
1	40	32	
1	44	32	
1	34	33	
1	35	33	
1	36	33	
1	51	49	
2	5	4	
2	7	4	
2	12	4	
2	13	4	
2	39	4	
2	12	10	
2	13	10	
2	14	10	
2	15	10	
2	18	10	
2	39	10	
2	47	10	
2	18	17	
2	39	17	
2	43	17	
2	44	17	
2	47	17	
2	48	17	
2	51	17	
2	57	17	
2	58	17	
2	51	49	
3	12	4	
3	13	4	
3	24	4	
3	25	4	
3	29	4	
3	30	4	
3	31	4	
3	32	4	
3	35	4	
3	37	4	
3	14	9	
3	15	9	
3	16	9	
3	24	9	
3	25	9	
3	29	9	
3	31	9	
3	32	9	
3	37	9	
3	38	9	
3	12	10	
3	13	10	
3	14	10	
3	15	10	
3	18	10	
3	40	10	
3	47	10	
3	12	11	
3	54	11	
3	55	11	
3	18	17	
3	40	17	
3	43	17	
3	44	17	
3	47	17	
3	48	17	
3	51	17	
3	57	17	
3	58	17	
3	29	26	
3	32	26	
3	35	26	
3	37	26	
3	34	33	
3	35	33	
3	51	50	
3	52	50	
4	14	10	
4	15	10	
4	18	10	
4	40	10	
4	47	10	
4	18	16	
4	41	16	
4	42	16	
4	47	16	
4	51	16	
4	56	16	
4	57	16	
4	18	17	
4	40	17	
4	43	17	
4	44	17	
4	47	17	
4	48	17	
4	51	17	
4	57	17	
4	58	17	
4	51	50	
4	53	52	
5	12	10	
5	13	10	
5	14	10	
5	15	10	
5	18	10	
5	39	10	
5	40	10	
5	47	10	
5	12	11	
5	54	11	
5	55	11	
5	18	16	
5	21	16	
5	24	16	
5	25	16	
5	29	16	
5	30	16	
5	31	16	
5	35	16	
5	39	16	
5	41	16	
5	42	16	
5	47	16	
5	51	16	
5	56	16	
5	57	16	
5	18	17	
5	39	17	
5	40	17	
5	43	17	
5	44	17	
5	47	17	
5	48	17	
5	51	17	
5	57	17	
5	58	17	
5	35	20	
5	29	26	
5	35	26	
5	35	32	
5	38	32	
5	40	32	
5	44	32	
5	35	33	
5	39	34	
5	51	50	
6	12	10	
6	13	10	
6	14	10	
6	15	10	
6	18	10	
6	28	10	
6	40	10	
6	47	10	
6	12	11	
6	28	11	
6	55	11	
6	18	16	
6	21	16	
6	24	16	
6	25	16	
6	26	16	
6	29	16	
6	30	16	
6	31	16	
6	32	16	
6	33	16	
6	36	16	
6	37	16	
6	42	16	
6	47	16	
6	51	16	
6	56	16	
6	36	34	
6	37	34	
6	45	43	
6	53	52	
7	21	8	
7	24	8	
7	25	8	
7	28	8	
7	29	8	
7	35	8	
7	45	8	
7	15	9	
7	16	9	
7	21	9	
7	22	9	
7	23	9	
7	24	9	
7	25	9	
7	27	9	
7	29	9	
7	37	9	
7	12	10	
7	13	10	
7	15	10	
7	18	10	
7	28	10	
7	39	10	
7	12	11	
7	28	11	
7	54	11	
7	55	11	
7	15	14	
7	24	14	
7	28	14	
7	29	14	
7	35	14	
7	36	14	
7	63	14	
7	27	26	
7	28	26	
7	29	26	
7	35	26	
7	36	26	
7	37	26	
7	34	30	
7	35	30	
7	36	30	
7	37	30	
7	46	30	
7	51	30	
7	55	30	
7	56	30	
7	34	31	
7	35	31	
7	36	31	
7	37	31	
7	46	31	
7	55	31	
7	56	31	
7	35	32	
7	36	32	
7	51	47	
7	57	47	
7	51	49	
7	61	60	
7	63	60	
8	15	9	
8	16	9	
8	22	9	
8	23	9	
8	27	9	
8	37	9	
8	12	11	
8	54	11	
8	55	11	
8	27	26	
8	36	26	
8	37	26	
8	34	31	
8	36	31	
8	37	31	
8	46	31	
8	47	31	
8	55	31	
8	56	31	
8	36	32	
8	34	33	
8	36	33	
8	51	49	
8	61	60	
8	63	60	
9	12	11	
9	28	11	
9	54	11	
9	55	11	
9	20	19	
9	28	19	
9	34	19	
9	35	19	
9	36	19	
9	44	19	
9	45	19	
9	46	19	
9	47	19	
9	51	19	
9	54	19	
9	55	19	
9	56	19	
9	57	19	
9	58	19	
9	59	19	
9	61	19	
9	62	19	
9	34	33	
9	35	33	
9	36	33	
9	51	49	
9	51	50	
9	53	52	
9	61	60	
9	63	60	
10	43	17	
10	44	17	
10	48	17	
10	51	17	
10	57	17	
10	58	17	
10	34	33	
10	35	33	
10	36	33	
10	51	49	
10	51	50	
10	53	52	
10	61	60	
10	63	60	
11	18	16	
11	21	16	
11	24	16	
11	25	16	
11	29	16	
11	30	16	
11	31	16	
11	32	16	
11	34	16	
11	35	16	
11	36	16	
11	37	16	
11	39	16	
11	41	16	
11	42	16	
11	47	16	
11	51	16	
11	56	16	
11	57	16	
11	27	26	
11	29	26	
11	32	26	
11	35	26	
11	36	26	
11	37	26	
11	34	33	
11	35	33	
11	36	33	
11	51	50	
11	53	52	
12	18	17	
12	28	17	
12	39	17	
12	40	17	
12	43	17	
12	44	17	
12	47	17	
12	48	17	
12	51	17	
12	57	17	
12	58	17	
12	51	50	
13	18	17	
13	28	17	
13	40	17	
13	44	17	
13	47	17	
13	48	17	
13	51	17	
13	57	17	
13	58	17	
13	27	26	
13	28	26	
13	29	26	
13	35	26	
13	36	26	
13	37	26	
13	35	32	
13	36	32	
13	38	32	
13	40	32	
13	44	32	
13	35	33	
13	36	33	
13	36	34	
13	37	34	
13	45	43	
13	51	50	
13	61	60	
13	63	60	
14	18	17	
14	39	17	
14	40	17	
14	43	17	
14	44	17	
14	51	17	
14	57	17	
14	58	17	
14	51	47	
14	57	47	
14	51	49	
14	57	56	
14	59	56	
14	61	56	
15	43	17	
15	51	17	
15	57	17	
15	58	17	
16	61	60	
16	63	60	
17	20	19	
17	21	19	
17	23	19	
17	24	19	
17	25	19	
17	27	19	
17	30	19	
17	31	19	
17	32	19	
17	34	19	
17	35	19	
17	36	19	
17	37	19	
17	45	19	
17	46	19	
17	54	19	
17	55	19	
17	56	19	
17	59	19	
17	62	19	
17	27	26	
17	29	26	
17	32	26	
17	35	26	
17	36	26	
17	37	26	
17	34	33	
17	35	33	
17	36	33	
17	63	60	
18	34	33	
18	35	33	
18	36	33	
18	51	49	
18	51	50	
21	35	26	
21	35	32	
21	40	32	
21	44	32	
21	35	33	
21	39	34	
21	51	50	
21	52	50	
22	34	30	
22	35	30	
22	38	30	
22	40	30	
22	44	30	
22	46	30	
22	47	30	
22	51	30	
22	55	30	
22	56	30	
22	60	30	
22	34	31	
22	35	31	
22	38	31	
22	40	31	
22	44	31	
22	46	31	
22	47	31	
22	55	31	
22	56	31	
22	60	31	
22	34	33	
22	35	33	
23	37	30	
23	38	30	
23	40	30	
23	44	30	
23	46	30	
23	47	30	
23	51	30	
23	55	30	
23	56	30	
23	60	30	
23	37	31	
23	38	31	
23	40	31	
23	44	31	
23	46	31	
23	47	31	
23	55	31	
23	56	31	
23	60	31	
23	37	34	
23	39	34	
23	51	50	
23	53	52	
24	29	25	
24	38	25	
24	29	26	
24	35	26	
24	36	26	
24	37	26	
24	34	30	
24	35	30	
24	36	30	
24	37	30	
24	38	30	
24	40	30	
24	44	30	
24	46	30	
24	47	30	
24	51	30	
24	55	30	
24	56	30	
24	60	30	
24	34	31	
24	35	31	
24	36	31	
24	37	31	
24	38	31	
24	40	31	
24	44	31	
24	46	31	
24	47	31	
24	55	31	
24	56	31	
24	60	31	
24	35	32	
24	36	32	
24	38	32	
24	40	32	
24	44	32	
24	45	43	
24	51	50	
24	60	58	
24	61	58	
25	27	26	
25	35	26	
25	36	26	
25	37	26	
25	34	30	
25	35	30	
25	36	30	
25	37	30	
25	40	30	
25	44	30	
25	46	30	
25	47	30	
25	51	30	
25	55	30	
25	56	30	
25	60	30	
25	34	31	
25	35	31	
25	36	31	
25	37	31	
25	40	31	
25	44	31	
25	46	31	
25	47	31	
25	55	31	
25	56	31	
25	60	31	
25	35	32	
25	36	32	
25	40	32	
25	44	32	
25	34	33	
25	35	33	
25	36	33	
25	51	50	
25	52	50	
26	39	34	
26	51	50	
26	53	52	
27	35	30	
27	36	30	
27	37	30	
27	38	30	
27	40	30	
27	44	30	
27	46	30	
27	47	30	
27	51	30	
27	55	30	
27	35	31	
27	36	31	
27	37	31	
27	38	31	
27	40	31	
27	44	31	
27	46	31	
27	47	31	
27	55	31	
27	35	33	
27	36	33	
27	36	34	
27	37	34	
27	39	34	
27	53	52	
27	57	56	
27	59	56	
27	61	56	
27	61	60	
28	35	30	
28	36	30	
28	38	30	
28	40	30	
28	44	30	
28	47	30	
28	51	30	
28	55	30	
28	35	31	
28	36	31	
28	38	31	
28	40	31	
28	44	31	
28	47	31	
28	55	31	
28	35	32	
28	36	32	
28	38	32	
28	40	32	
28	44	32	
28	36	34	
28	39	34	
28	63	46	
28	51	50	
28	53	52	
28	59	56	
28	61	56	
28	63	56	
28	61	60	
28	63	60	
29	34	30	
29	35	30	
29	36	30	
29	37	30	
29	38	30	
29	40	30	
29	46	30	
29	47	30	
29	51	30	
29	55	30	
29	60	30	
29	34	31	
29	35	31	
29	36	31	
29	37	31	
29	38	31	
29	40	31	
29	46	31	
29	47	31	
29	55	31	
29	60	31	
29	35	32	
29	36	32	
29	38	32	
29	40	32	
29	45	43	
29	57	56	
29	59	56	
29	61	56	
29	63	56	
29	60	58	
29	61	58	
32	34	33	
32	51	49	
32	51	50	
32	52	50	
33	51	49	
33	51	50	
33	53	52	
34	51	50	
34	53	52	
35	63	46	
35	51	50	
35	53	52	
35	60	58	
35	61	58	
36	51	50	
36	53	52	
36	59	56	
36	61	56	
36	63	56	
37	51	50	
37	52	50	
37	59	56	
37	61	56	
37	63	56	
37	60	58	
37	61	58	
38	45	43	
38	51	49	
38	60	58	
38	61	58	
39	45	43	
39	51	49	
40	63	46	
40	52	50	
40	57	56	
40	59	56	
40	63	56	
40	63	60	
41	45	43	
41	51	50	
41	57	56	
41	59	56	
41	61	56	
41	63	56	
41	60	58	
41	61	58	
44	63	46	
44	51	50	
44	52	50	
44	57	56	
44	59	56	
44	63	56	
45	57	56	
45	59	56	
45	63	56	
45	60	58	
46	51	49	
46	57	56	
46	59	56	
47	59	56	
47	63	56	
47	63	60	
48	51	50	
48	52	50	
48	60	58	
49	59	56	
49	61	56	
49	63	56	
49	60	58	
49	61	58	
50	60	58	
51	53	52	
51	59	54	
51	59	56	
51	61	56	
51	63	56	
51	60	58	
51	61	58	
52	57	56	
52	63	56	
52	60	58	
53	57	56	
53	59	56	
53	63	56	
53	60	58	
54	57	56	
54	63	56	
54	60	58	
55	63	60	
57	61	60	
3	24	2	
3	25	2	
3	29	2	
3	30	2	
3	31	2	
3	34	2	
3	35	2	
3	37	2	
3	38	2	
3	40	2	
5	6	3	
5	7	3	
5	21	3	
5	22	3	
5	39	3	
5	7	4	
5	12	4	
5	13	4	
5	21	4	
5	22	4	
5	24	4	
5	25	4	
5	29	4	
5	30	4	
5	31	4	
5	35	4	
5	39	4	
6	7	3	
6	21	3	
6	22	3	
6	23	3	
6	27	3	
6	28	3	
6	36	3	
7	24	1	
7	25	1	
7	28	1	
7	29	1	
7	37	1	
7	21	3	
7	22	3	
7	23	3	
7	27	3	
7	28	3	
7	36	3	
7	39	3	
7	12	4	
7	13	4	
7	21	4	
7	22	4	
7	23	4	
7	24	4	
7	25	4	
7	27	4	
7	28	4	
7	29	4	
7	35	4	
7	36	4	
7	37	4	
7	39	4	
12	13	4	
12	21	4	
12	22	4	
12	25	4	
12	27	4	
12	28	4	
12	30	4	
12	31	4	
12	32	4	
12	39	4	
12	13	10	
12	14	10	
12	15	10	
12	18	10	
12	28	10	
12	39	10	
12	40	10	
12	47	10	
12	28	11	
12	54	11	
12	55	11	
13	21	4	
13	22	4	
13	23	4	
13	24	4	
13	25	4	
13	27	4	
13	28	4	
13	29	4	
13	30	4	
13	31	4	
13	35	4	
13	36	4	
13	37	4	
13	14	10	
13	15	10	
13	18	10	
13	28	10	
13	40	10	
13	47	10	
14	16	9	
14	21	9	
14	22	9	
14	23	9	
14	25	9	
14	27	9	
14	32	9	
14	37	9	
14	18	10	
14	39	10	
14	40	10	
15	16	9	
15	31	9	
15	32	9	
15	30	14	
15	31	14	
15	36	14	
15	63	14	
16	22	9	
16	23	9	
16	27	9	
16	38	9	
18	28	10	
18	39	10	
18	40	10	
18	47	10	
18	21	15	
18	22	15	
18	23	15	
18	24	15	
18	25	15	
18	26	15	
18	27	15	
18	28	15	
18	29	15	
18	34	15	
18	35	15	
18	37	15	
18	38	15	
18	39	15	
18	40	15	
18	42	15	
18	44	15	
18	45	15	
18	46	15	
18	47	15	
18	54	15	
18	55	15	
18	21	16	
18	24	16	
18	25	16	
18	26	16	
18	29	16	
18	30	16	
18	31	16	
18	32	16	
18	34	16	
18	35	16	
18	36	16	
18	37	16	
18	39	16	
18	41	16	
18	42	16	
18	47	16	
18	51	16	
18	56	16	
18	57	16	
18	28	17	
18	39	17	
18	40	17	
18	43	17	
18	44	17	
18	47	17	
18	48	17	
18	51	17	
18	57	17	
18	58	17	
20	21	19	
20	23	19	
20	24	19	
20	25	19	
20	26	19	
20	27	19	
20	28	19	
20	30	19	
20	31	19	
20	32	19	
20	33	19	
20	34	19	
20	36	19	
20	37	19	
20	44	19	
20	45	19	
20	46	19	
20	47	19	
20	48	19	
20	49	19	
20	51	19	
20	54	19	
20	55	19	
20	56	19	
20	57	19	
20	58	19	
20	59	19	
20	61	19	
20	62	19	
21	35	2	
21	40	2	
21	39	3	
21	35	4	
21	39	4	
21	35	8	
21	40	8	
21	44	8	
21	45	8	
21	35	15	
21	39	15	
21	40	15	
21	44	15	
21	45	15	
21	46	15	
21	47	15	
21	54	15	
21	55	15	
21	35	16	
21	39	16	
21	41	16	
21	47	16	
21	51	16	
21	56	16	
21	35	19	
21	44	19	
21	45	19	
21	46	19	
21	47	19	
21	49	19	
21	51	19	
21	54	19	
21	55	19	
21	56	19	
21	58	19	
21	59	19	
21	61	19	
21	62	19	
22	25	2	
22	29	2	
22	34	2	
22	35	2	
22	38	2	
22	40	2	
22	39	3	
22	25	4	
22	29	4	
22	32	4	
22	35	4	
22	39	4	
22	25	9	
22	29	9	
22	32	9	
22	38	9	
22	25	15	
22	26	15	
22	29	15	
22	34	15	
22	35	15	
22	38	15	
22	39	15	
22	40	15	
22	44	15	
22	45	15	
22	46	15	
22	47	15	
22	50	15	
22	54	15	
22	55	15	
23	37	2	
23	38	2	
23	40	2	
23	39	3	
23	32	4	
23	37	4	
23	39	4	
23	37	5	
23	32	9	
23	37	9	
23	38	9	
23	37	12	
23	38	12	
23	37	15	
23	38	15	
23	39	15	
23	40	15	
23	44	15	
23	45	15	
23	46	15	
23	47	15	
23	54	15	
23	55	15	
23	32	19	
23	37	19	
23	44	19	
23	45	19	
23	46	19	
23	47	19	
23	49	19	
23	51	19	
23	54	19	
23	55	19	
23	56	19	
23	57	19	
23	58	19	
23	59	19	
23	61	19	
23	62	19	
24	29	1	
24	37	1	
24	29	2	
24	34	2	
24	35	2	
24	36	2	
24	37	2	
24	38	2	
24	40	2	
24	29	4	
24	35	4	
24	36	4	
24	37	4	
24	39	4	
24	29	8	
24	35	8	
24	38	8	
24	40	8	
24	44	8	
24	45	8	
24	29	9	
24	37	9	
24	38	9	
24	29	12	
24	35	12	
24	36	12	
24	37	12	
24	38	12	
24	29	14	
24	35	14	
24	36	14	
24	38	14	
24	29	15	
24	33	15	
24	34	15	
24	35	15	
24	37	15	
24	38	15	
24	39	15	
24	40	15	
24	42	15	
24	44	15	
24	45	15	
24	46	15	
24	47	15	
24	54	15	
24	55	15	
24	29	16	
24	33	16	
24	34	16	
24	35	16	
24	36	16	
24	37	16	
24	39	16	
24	41	16	
24	42	16	
24	47	16	
24	51	16	
24	56	16	
24	33	19	
24	34	19	
24	35	19	
24	36	19	
24	37	19	
24	44	19	
24	45	19	
24	46	19	
24	47	19	
24	48	19	
24	49	19	
24	51	19	
24	54	19	
24	55	19	
24	56	19	
24	61	19	
25	37	1	
25	27	2	
25	34	2	
25	35	2	
25	36	2	
25	37	2	
25	40	2	
25	27	4	
25	35	4	
25	36	4	
25	37	4	
25	39	4	
25	35	8	
25	40	8	
25	44	8	
25	45	8	
25	27	9	
25	37	9	
25	27	15	
25	34	15	
25	35	15	
25	37	15	
25	39	15	
25	40	15	
25	42	15	
25	44	15	
25	45	15	
25	46	15	
25	47	15	
25	54	15	
25	55	15	
25	34	16	
25	35	16	
25	36	16	
25	37	16	
25	39	16	
25	41	16	
25	42	16	
25	47	16	
25	51	16	
25	56	16	
25	57	16	
25	27	19	
25	34	19	
25	35	19	
25	36	19	
25	37	19	
25	44	19	
25	45	19	
25	46	19	
25	47	19	
25	48	19	
25	49	19	
25	51	19	
25	54	19	
25	55	19	
25	56	19	
25	57	19	
25	58	19	
25	59	19	
25	61	19	
25	62	19	
26	38	15	
26	39	15	
26	40	15	
26	44	15	
26	45	15	
26	46	15	
26	47	15	
26	54	15	
26	55	15	
26	39	16	
26	41	16	
26	47	16	
26	51	16	
26	56	16	
26	57	16	
26	44	19	
26	45	19	
26	46	19	
26	47	19	
26	48	19	
26	49	19	
26	51	19	
26	54	19	
26	55	19	
26	56	19	
26	57	19	
26	58	19	
26	59	19	
26	61	19	
26	62	19	
27	29	2	
27	35	2	
27	36	2	
27	37	2	
27	38	2	
27	40	2	
27	36	3	
27	39	3	
27	29	4	
27	32	4	
27	35	4	
27	36	4	
27	37	4	
27	39	4	
27	36	5	
27	37	5	
27	29	9	
27	32	9	
27	37	9	
27	38	9	
27	29	15	
27	35	15	
27	37	15	
27	38	15	
27	39	15	
27	40	15	
27	44	15	
27	46	15	
27	47	15	
27	50	15	
27	54	15	
27	55	15	
27	32	19	
27	35	19	
27	36	19	
27	37	19	
27	44	19	
27	46	19	
27	47	19	
27	48	19	
27	49	19	
27	51	19	
27	54	19	
27	55	19	
27	57	19	
27	58	19	
27	59	19	
27	61	19	
27	62	19	
27	29	21	
27	36	21	
27	37	21	
27	38	21	
27	36	22	
27	37	22	
27	29	23	
27	35	23	
27	36	23	
27	29	26	
27	32	26	
27	35	26	
27	36	26	
27	37	26	
28	29	1	
28	29	2	
28	35	2	
28	36	2	
28	38	2	
28	40	2	
28	36	3	
28	39	3	
28	29	4	
28	35	4	
28	36	4	
28	39	4	
28	36	5	
28	29	8	
28	35	8	
28	38	8	
28	40	8	
28	44	8	
28	45	8	
28	39	10	
28	40	10	
28	47	10	
28	54	11	
28	55	11	
28	29	14	
28	35	14	
28	36	14	
28	38	14	
28	63	14	
28	29	15	
28	33	15	
28	35	15	
28	38	15	
28	39	15	
28	40	15	
28	44	15	
28	45	15	
28	47	15	
28	54	15	
28	55	15	
28	39	17	
28	40	17	
28	43	17	
28	44	17	
28	47	17	
28	51	17	
28	58	17	
28	33	19	
28	35	19	
28	36	19	
28	44	19	
28	45	19	
28	47	19	
28	49	19	
28	51	19	
28	54	19	
28	55	19	
28	58	19	
28	59	19	
28	61	19	
28	62	19	
28	29	21	
28	36	21	
28	38	21	
28	36	22	
28	29	23	
28	35	23	
28	36	23	
28	29	25	
28	38	25	
28	29	26	
28	35	26	
28	36	26	
29	37	1	
29	34	2	
29	35	2	
29	36	2	
29	37	2	
29	38	2	
29	40	2	
29	35	4	
29	36	4	
29	37	4	
29	39	4	
29	35	8	
29	38	8	
29	40	8	
29	45	8	
29	37	9	
29	38	9	
29	35	12	
29	36	12	
29	37	12	
29	38	12	
29	35	14	
29	36	14	
29	38	14	
29	63	14	
29	33	15	
29	34	15	
29	35	15	
29	37	15	
29	38	15	
29	39	15	
29	40	15	
29	42	15	
29	45	15	
29	46	15	
29	47	15	
29	50	15	
29	54	15	
29	55	15	
29	33	16	
29	34	16	
29	35	16	
29	36	16	
29	37	16	
29	39	16	
29	41	16	
29	42	16	
29	47	16	
29	51	16	
29	57	16	
29	36	21	
29	37	21	
29	38	21	
29	35	23	
29	36	23	
29	38	25	
29	35	26	
29	36	26	
29	37	26	
30	39	4	
30	63	14	
30	39	16	
30	41	16	
30	42	16	
30	57	16	
30	45	19	
30	54	19	
30	57	19	
30	58	19	
30	59	19	
30	61	19	
30	62	19	
31	39	4	
31	63	14	
31	39	16	
31	41	16	
31	42	16	
31	51	16	
31	57	16	
31	45	19	
31	51	19	
31	54	19	
31	57	19	
31	58	19	
31	59	19	
31	61	19	
31	62	19	
32	37	4	
32	39	4	
32	37	9	
32	34	16	
32	37	16	
32	39	16	
32	41	16	
32	42	16	
32	47	16	
32	51	16	
32	56	16	
32	57	16	
32	34	19	
32	37	19	
32	45	19	
32	46	19	
32	47	19	
32	48	19	
32	51	19	
32	54	19	
32	55	19	
32	56	19	
32	57	19	
32	58	19	
32	59	19	
32	61	19	
32	62	19	
32	37	26	
33	37	15	
33	38	15	
33	39	15	
33	40	15	
33	42	15	
33	44	15	
33	45	15	
33	46	15	
33	47	15	
33	54	15	
33	55	15	
33	37	16	
33	39	16	
33	41	16	
33	42	16	
33	47	16	
33	51	16	
33	56	16	
33	57	16	
33	37	19	
33	44	19	
33	45	19	
33	46	19	
33	47	19	
33	48	19	
33	51	19	
33	54	19	
33	55	19	
33	56	19	
33	57	19	
33	58	19	
33	59	19	
33	61	19	
33	62	19	
34	35	2	
34	38	2	
34	40	2	
34	35	15	
34	38	15	
34	40	15	
34	44	15	
34	45	15	
34	46	15	
34	47	15	
34	54	15	
34	55	15	
34	35	16	
34	41	16	
34	47	16	
34	51	16	
34	56	16	
34	57	16	
34	35	19	
34	44	19	
34	45	19	
34	46	19	
34	47	19	
34	48	19	
34	49	19	
34	51	19	
34	54	19	
34	55	19	
34	56	19	
34	57	19	
34	58	19	
34	59	19	
34	61	19	
34	62	19	
34	35	30	
34	38	30	
34	40	30	
34	44	30	
34	46	30	
34	47	30	
34	51	30	
34	55	30	
34	56	30	
34	60	30	
34	35	31	
34	38	31	
34	40	31	
34	44	31	
34	46	31	
34	47	31	
34	55	31	
34	56	31	
34	60	31	
34	35	33	
35	36	2	
35	37	2	
35	38	2	
35	40	2	
35	36	4	
35	37	4	
35	39	4	
35	38	8	
35	40	8	
35	44	8	
35	45	8	
35	36	12	
35	37	12	
35	38	12	
35	36	14	
35	38	14	
35	63	14	
35	37	15	
35	38	15	
35	39	15	
35	40	15	
35	44	15	
35	45	15	
35	47	15	
35	54	15	
35	55	15	
35	36	16	
35	37	16	
35	39	16	
35	41	16	
35	47	16	
35	51	16	
35	56	16	
35	36	19	
35	37	19	
35	44	19	
35	45	19	
35	47	19	
35	49	19	
35	51	19	
35	54	19	
35	55	19	
35	56	19	
35	61	19	
35	62	19	
35	36	23	
35	36	26	
35	37	26	
35	36	30	
35	37	30	
35	38	30	
35	40	30	
35	44	30	
35	47	30	
35	51	30	
35	55	30	
35	56	30	
35	60	30	
35	36	31	
35	37	31	
35	38	31	
35	40	31	
35	44	31	
35	47	31	
35	55	31	
35	56	31	
35	60	31	
35	36	32	
35	38	32	
35	40	32	
35	44	32	
35	36	33	
36	38	2	
36	40	2	
36	39	3	
36	39	4	
36	38	12	
36	38	14	
36	63	14	
36	39	16	
36	41	16	
36	47	16	
36	51	16	
36	44	19	
36	46	19	
36	47	19	
36	48	19	
36	49	19	
36	51	19	
36	54	19	
36	55	19	
36	58	19	
36	59	19	
36	61	19	
36	38	21	
36	38	30	
36	40	30	
36	44	30	
36	46	30	
36	47	30	
36	51	30	
36	55	30	
36	60	30	
36	38	31	
36	40	31	
36	44	31	
36	46	31	
36	47	31	
36	55	31	
36	60	31	
36	38	32	
36	40	32	
36	44	32	
36	39	34	
37	38	2	
37	40	2	
37	39	4	
37	38	9	
37	38	12	
37	38	15	
37	39	15	
37	40	15	
37	44	15	
37	45	15	
37	46	15	
37	47	15	
37	54	15	
37	55	15	
37	39	16	
37	47	16	
37	51	16	
37	44	19	
37	45	19	
37	46	19	
37	47	19	
37	48	19	
37	49	19	
37	51	19	
37	54	19	
37	55	19	
37	59	19	
37	61	19	
37	38	21	
37	38	30	
37	40	30	
37	44	30	
37	46	30	
37	47	30	
37	51	30	
37	55	30	
37	60	30	
37	38	31	
37	40	31	
37	44	31	
37	46	31	
37	47	31	
37	55	31	
37	60	31	
37	39	34	
38	40	2	
38	40	7	
38	40	8	
38	45	8	
38	63	14	
38	39	15	
38	40	15	
38	45	15	
38	46	15	
38	47	15	
38	50	15	
38	54	15	
38	55	15	
38	40	30	
38	46	30	
38	47	30	
38	51	30	
38	55	30	
38	56	30	
38	60	30	
38	40	31	
38	46	31	
38	47	31	
38	55	31	
38	56	31	
38	60	31	
38	40	32	
39	40	10	
39	47	10	
39	40	15	
39	44	15	
39	45	15	
39	46	15	
39	47	15	
39	50	15	
39	54	15	
39	55	15	
39	47	16	
39	51	16	
39	56	16	
39	57	16	
39	40	17	
39	44	17	
39	47	17	
39	48	17	
39	51	17	
39	57	17	
39	58	17	
40	45	8	
40	47	10	
40	45	15	
40	47	15	
40	54	15	
40	55	15	
40	43	17	
40	47	17	
40	48	17	
40	57	17	
40	47	30	
40	55	30	
40	47	31	
40	55	31	
41	42	16	
41	47	16	
41	51	16	
41	57	16	
42	45	15	
42	46	15	
42	47	15	
42	50	15	
42	54	15	
42	55	15	
42	47	16	
42	51	16	
42	56	16	
42	57	16	
43	44	17	
43	47	17	
43	48	17	
43	51	17	
43	57	17	
43	58	17	
44	45	8	
44	45	15	
44	47	15	
44	54	15	
44	55	15	
44	47	17	
44	51	17	
44	57	17	
44	58	17	
44	45	19	
44	47	19	
44	49	19	
44	51	19	
44	54	19	
44	55	19	
44	57	19	
44	58	19	
44	59	19	
44	62	19	
44	47	30	
44	51	30	
44	55	30	
44	60	30	
44	47	31	
44	55	31	
44	60	31	
45	46	15	
45	47	15	
45	50	15	
45	54	15	
45	55	15	
45	46	19	
45	47	19	
45	48	19	
45	49	19	
45	51	19	
45	54	19	
45	55	19	
45	57	19	
45	59	19	
46	47	15	
46	50	15	
46	54	15	
46	55	15	
46	47	19	
46	51	19	
46	54	19	
46	55	19	
46	57	19	
46	58	19	
46	59	19	
46	62	19	
46	47	30	
46	51	30	
46	55	30	
46	47	31	
46	55	31	
47	54	15	
47	55	15	
47	58	17	
47	49	19	
47	54	19	
47	55	19	
47	58	19	
47	59	19	
47	62	19	
47	55	30	
47	55	31	
48	51	17	
48	51	19	
48	54	19	
48	59	19	
48	62	19	
49	54	19	
49	59	19	
49	61	19	
49	62	19	
50	54	15	
51	59	19	
51	61	19	
51	60	30	
54	55	11	
54	55	15	
54	55	19	
54	57	19	
55	58	19	
55	59	19	
57	59	19	
57	61	19	
57	59	56	
57	61	56	
59	63	56	
1	8	9	
1	5	11	
1	6	11	
1	8	11	
1	5	26	
1	8	26	
1	13	26	
1	17	26	
1	21	26	
1	5	32	
1	8	32	
1	13	32	
1	21	32	
1	5	33	
1	8	33	
1	10	33	
1	12	33	
1	13	33	
1	17	33	
1	18	33	
1	21	33	
1	22	33	
1	23	33	
1	27	33	
1	8	48	
1	14	48	
1	21	48	
1	22	48	
1	23	48	
1	35	48	
1	38	48	
1	44	48	
1	46	48	
1	47	48	
1	8	49	
1	10	49	
1	14	49	
1	18	49	
1	38	49	
1	39	49	
1	46	49	
2	5	10	
2	6	10	
2	7	10	
2	5	17	
2	12	17	
2	13	17	
2	14	17	
2	15	17	
2	7	49	
2	8	49	
2	14	49	
2	18	49	
2	39	49	
2	46	49	
3	8	9	
3	8	11	
3	12	17	
3	13	17	
3	14	17	
3	15	17	
3	8	26	
3	13	26	
3	24	26	
3	25	26	
3	8	33	
3	12	33	
3	13	33	
3	18	33	
3	25	33	
3	32	33	
3	12	50	
3	13	50	
3	18	50	
3	24	50	
3	25	50	
3	32	50	
3	34	50	
3	35	50	
3	37	50	
3	40	50	
3	41	50	
3	44	50	
3	48	50	
4	6	10	
4	6	16	
4	14	17	
4	15	17	
4	9	50	
4	18	50	
4	40	50	
4	41	50	
4	44	50	
4	48	50	
4	6	52	
4	9	52	
4	18	52	
4	20	52	
4	41	52	
4	45	52	
4	51	52	
5	6	10	
5	7	10	
5	6	11	
5	7	11	
5	8	11	
5	9	11	
5	6	16	
5	12	17	
5	13	17	
5	14	17	
5	15	17	
5	7	26	
5	8	26	
5	13	26	
5	21	26	
5	24	26	
5	25	26	
5	7	32	
5	8	32	
5	13	32	
5	21	32	
5	24	32	
5	25	32	
5	29	32	
5	8	33	
5	9	33	
5	12	33	
5	13	33	
5	18	33	
5	21	33	
5	22	33	
5	25	33	
5	6	34	
5	13	34	
5	21	34	
5	9	50	
5	12	50	
5	13	50	
5	18	50	
5	21	50	
5	24	50	
5	25	50	
5	35	50	
5	40	50	
5	41	50	
5	44	50	
5	48	50	
5	6	52	
5	9	52	
5	12	52	
5	13	52	
5	18	52	
5	24	52	
5	35	52	
5	41	52	
5	45	52	
5	51	52	
5	12	53	
5	13	53	
5	18	53	
5	24	53	
5	39	53	
5	41	53	
5	43	53	
5	45	53	
6	7	10	
6	7	11	
6	8	11	
6	9	11	
6	13	34	
6	21	34	
6	23	34	
6	26	34	
6	27	34	
6	28	34	
6	13	41	
6	37	41	
6	13	43	
6	24	43	
6	29	43	
6	38	43	
6	9	52	
6	12	52	
6	13	52	
6	18	52	
6	20	52	
6	23	52	
6	24	52	
6	26	52	
6	27	52	
6	28	52	
6	33	52	
6	36	52	
6	45	52	
6	51	52	
6	51	54	
6	21	57	
6	24	57	
6	28	57	
6	36	57	
6	37	57	
6	48	57	
6	49	57	
6	51	57	
6	12	59	
6	13	59	
6	24	59	
6	42	59	
7	13	26	
7	17	26	
7	21	26	
7	24	26	
7	25	26	
7	22	30	
7	23	30	
7	24	30	
7	25	30	
7	27	30	
7	28	30	
7	29	30	
7	22	31	
7	23	31	
7	24	31	
7	25	31	
7	27	31	
7	28	31	
7	29	31	
7	13	32	
7	21	32	
7	24	32	
7	25	32	
7	28	32	
7	29	32	
7	21	42	
7	22	42	
7	23	42	
7	27	42	
7	28	42	
7	34	42	
7	35	42	
7	36	42	
7	37	42	
7	39	42	
7	29	44	
7	21	48	
7	22	48	
7	23	48	
7	28	48	
7	35	48	
7	46	48	
7	18	49	
7	33	49	
7	39	49	
7	46	49	
7	13	60	
7	16	60	
7	17	60	
7	27	60	
7	28	60	
7	46	60	
7	55	60	
7	57	60	
8	13	26	
8	17	26	
8	22	31	
8	23	31	
8	27	31	
8	13	32	
8	10	33	
8	12	33	
8	13	33	
8	17	33	
8	18	33	
8	22	33	
8	23	33	
8	27	33	
8	22	48	
8	23	48	
8	46	48	
8	47	48	
8	10	49	
8	18	49	
8	39	49	
8	46	49	
8	10	60	
8	13	60	
8	16	60	
8	17	60	
8	27	60	
8	46	60	
8	47	60	
8	55	60	
8	57	60	
9	10	33	
9	12	33	
9	13	33	
9	18	33	
9	28	48	
9	35	48	
9	44	48	
9	46	48	
9	47	48	
9	10	49	
9	18	49	
9	39	49	
9	46	49	
9	10	50	
9	12	50	
9	13	50	
9	18	50	
9	28	50	
9	34	50	
9	35	50	
9	36	50	
9	40	50	
9	41	50	
9	44	50	
9	10	52	
9	12	52	
9	13	52	
9	18	52	
9	20	52	
9	28	52	
9	34	52	
9	35	52	
9	36	52	
9	41	52	
9	45	52	
9	51	52	
9	10	60	
9	13	60	
9	28	60	
9	40	60	
9	46	60	
9	47	60	
9	55	60	
9	57	60	
10	21	33	
10	22	33	
10	23	33	
10	25	33	
10	27	33	
10	32	33	
10	32	49	
10	38	49	
10	46	49	
10	21	50	
10	23	50	
10	24	50	
10	25	50	
10	26	50	
10	32	50	
10	34	50	
10	35	50	
10	36	50	
10	37	50	
10	41	50	
10	44	50	
10	48	50	
10	20	52	
10	23	52	
10	24	52	
10	26	52	
10	27	52	
10	34	52	
10	35	52	
10	36	52	
10	41	52	
10	45	52	
10	51	52	
10	27	60	
10	46	60	
10	55	60	
10	57	60	
11	13	26	
11	21	26	
11	24	26	
11	25	26	
11	13	33	
11	18	33	
11	21	33	
11	22	33	
11	23	33	
11	25	33	
11	27	33	
11	32	33	
11	13	50	
11	18	50	
11	21	50	
11	23	50	
11	24	50	
11	25	50	
11	32	50	
11	34	50	
11	35	50	
11	36	50	
11	37	50	
11	40	50	
11	41	50	
11	44	50	
11	48	50	
11	13	52	
11	18	52	
11	20	52	
11	23	52	
11	24	52	
11	27	52	
11	34	52	
11	35	52	
11	36	52	
11	41	52	
11	45	52	
11	51	52	
11	18	61	
11	40	61	
11	44	61	
11	45	61	
11	46	61	
11	48	61	
11	53	61	
12	13	17	
12	14	17	
12	15	17	
12	13	33	
12	18	33	
12	21	33	
12	22	33	
12	25	33	
12	27	33	
12	32	33	
12	13	50	
12	18	50	
12	21	50	
12	25	50	
12	26	50	
12	28	50	
12	32	50	
12	40	50	
12	41	50	
12	44	50	
12	48	50	
12	13	52	
12	18	52	
12	20	52	
12	26	52	
12	27	52	
12	28	52	
12	41	52	
12	45	52	
12	51	52	
12	13	53	
12	18	53	
12	20	53	
12	39	53	
12	41	53	
12	43	53	
12	45	53	
12	13	59	
12	42	59	
13	14	17	
13	15	17	
13	21	26	
13	24	26	
13	25	26	
13	21	32	
13	24	32	
13	25	32	
13	28	32	
13	29	32	
13	18	33	
13	21	33	
13	22	33	
13	23	33	
13	25	33	
13	27	33	
13	21	34	
13	23	34	
13	27	34	
13	28	34	
13	37	41	
13	24	43	
13	29	43	
13	38	43	
13	18	50	
13	21	50	
13	23	50	
13	24	50	
13	25	50	
13	28	50	
13	35	50	
13	36	50	
13	37	50	
13	40	50	
13	44	50	
13	48	50	
13	18	52	
13	20	52	
13	23	52	
13	24	52	
13	27	52	
13	28	52	
13	35	52	
13	36	52	
13	45	52	
13	51	52	
13	18	53	
13	20	53	
13	24	53	
13	45	53	
13	24	59	
13	35	59	
13	42	59	
13	16	60	
13	27	60	
13	28	60	
13	40	60	
13	46	60	
13	47	60	
13	55	60	
13	57	60	
14	21	48	
14	22	48	
14	23	48	
14	44	48	
14	46	48	
14	18	49	
14	32	49	
14	33	49	
14	39	49	
14	46	49	
14	27	56	
14	37	56	
14	40	56	
14	41	56	
14	44	56	
14	45	56	
14	46	56	
14	51	56	
14	52	56	
14	53	56	
14	54	56	
16	27	60	
16	28	60	
16	40	60	
16	46	60	
16	55	60	
17	21	26	
17	24	26	
17	25	26	
17	21	33	
17	22	33	
17	23	33	
17	25	33	
17	27	33	
17	32	33	
17	21	50	
17	23	50	
17	24	50	
17	25	50	
17	32	50	
17	34	50	
17	35	50	
17	36	50	
17	37	50	
17	41	50	
17	27	60	
17	46	60	
17	55	60	
17	45	61	
17	46	61	
17	53	61	
17	54	61	
18	21	33	
18	22	33	
18	23	33	
18	25	33	
18	27	33	
18	32	33	
18	32	49	
18	38	49	
18	39	49	
18	46	49	
18	21	50	
18	23	50	
18	24	50	
18	25	50	
18	26	50	
18	28	50	
18	32	50	
18	34	50	
18	35	50	
18	36	50	
18	37	50	
18	40	50	
18	41	50	
18	44	50	
18	48	50	
18	20	52	
18	23	52	
18	24	52	
18	26	52	
18	27	52	
18	28	52	
18	34	52	
18	35	52	
18	36	52	
18	41	52	
18	45	52	
18	51	52	
18	20	53	
18	24	53	
18	39	53	
18	41	53	
18	43	53	
18	45	53	
18	40	61	
18	44	61	
18	45	61	
18	46	61	
18	48	61	
18	54	61	
20	23	52	
20	24	52	
20	26	52	
20	27	52	
20	28	52	
20	33	52	
20	34	52	
20	36	52	
20	41	52	
20	45	52	
20	51	52	
20	24	53	
20	39	53	
20	41	53	
20	43	53	
20	45	53	
21	35	42	
21	39	42	
21	40	42	
21	35	48	
21	44	48	
21	46	48	
21	47	48	
21	35	50	
21	40	50	
21	41	50	
21	44	50	
21	35	57	
21	49	57	
21	51	57	
22	25	30	
22	29	30	
22	25	31	
22	29	31	
22	25	33	
22	32	33	
22	26	42	
22	34	42	
22	35	42	
22	38	42	
22	39	42	
22	40	42	
22	35	48	
22	38	48	
22	44	48	
22	46	48	
22	47	48	
23	32	33	
23	37	42	
23	38	42	
23	39	42	
23	40	42	
23	38	48	
23	44	48	
23	46	48	
23	47	48	
23	32	50	
23	37	50	
23	40	50	
23	41	50	
23	44	50	
23	41	52	
23	45	52	
23	51	52	
24	29	30	
24	29	31	
24	29	32	
24	29	43	
24	38	43	
24	39	43	
24	41	43	
24	33	50	
24	34	50	
24	35	50	
24	36	50	
24	37	50	
24	40	50	
24	41	50	
24	44	50	
24	48	50	
24	33	52	
24	34	52	
24	35	52	
24	36	52	
24	41	52	
24	45	52	
24	51	52	
24	39	53	
24	41	53	
24	45	53	
24	35	57	
24	36	57	
24	37	57	
24	48	57	
24	49	57	
24	51	57	
24	29	58	
24	35	58	
24	37	58	
24	38	58	
24	40	58	
24	41	58	
24	45	58	
24	48	58	
24	49	58	
24	51	58	
24	54	58	
24	35	59	
24	42	59	
24	29	62	
24	36	62	
24	37	62	
24	38	62	
24	39	62	
24	45	62	
24	51	62	
24	54	62	
24	55	62	
24	60	62	
24	61	62	
25	27	30	
25	27	31	
25	27	33	
25	34	50	
25	35	50	
25	36	50	
25	37	50	
25	40	50	
25	41	50	
25	44	50	
25	48	50	
26	38	42	
26	39	42	
26	40	42	
26	40	50	
26	41	50	
26	44	50	
26	48	50	
26	41	52	
26	45	52	
26	51	52	
27	29	30	
27	29	31	
27	32	33	
27	35	42	
27	36	42	
27	37	42	
27	38	42	
27	39	42	
27	40	42	
27	36	45	
27	35	52	
27	36	52	
27	41	52	
27	51	52	
27	29	56	
27	36	56	
27	37	56	
27	40	56	
27	41	56	
27	44	56	
27	46	56	
27	47	56	
27	49	56	
27	51	56	
27	53	56	
27	54	56	
27	40	60	
27	46	60	
27	47	60	
27	55	60	
27	57	60	
28	29	30	
28	29	31	
28	29	32	
28	36	37	
28	35	42	
28	36	42	
28	38	42	
28	39	42	
28	40	42	
28	35	46	
28	40	46	
28	44	46	
28	35	48	
28	38	48	
28	44	48	
28	47	48	
28	33	50	
28	35	50	
28	36	50	
28	40	50	
28	41	50	
28	44	50	
28	33	52	
28	35	52	
28	36	52	
28	41	52	
28	45	52	
28	51	52	
28	29	56	
28	36	56	
28	40	56	
28	41	56	
28	44	56	
28	45	56	
28	47	56	
28	49	56	
28	51	56	
28	53	56	
28	54	56	
28	35	57	
28	36	57	
28	49	57	
28	51	57	
28	40	60	
28	47	60	
28	55	60	
29	38	43	
29	39	43	
29	41	43	
29	38	44	
29	36	56	
29	37	56	
29	40	56	
29	41	56	
29	45	56	
29	46	56	
29	47	56	
29	49	56	
29	51	56	
29	52	56	
29	53	56	
29	54	56	
29	35	58	
29	37	58	
29	38	58	
29	40	58	
29	41	58	
29	45	58	
29	48	58	
29	49	58	
29	50	58	
29	51	58	
29	52	58	
29	53	58	
29	54	58	
29	36	62	
29	37	62	
29	38	62	
29	39	62	
29	45	62	
29	51	62	
29	52	62	
29	53	62	
29	54	62	
29	55	62	
29	57	62	
29	60	62	
29	61	62	
32	39	49	
32	46	49	
32	34	50	
32	37	50	
32	41	50	
32	48	50	
33	38	49	
33	39	49	
33	46	49	
33	37	50	
33	40	50	
33	41	50	
33	44	50	
33	48	50	
33	41	52	
33	45	52	
33	51	52	
34	35	42	
34	38	42	
34	40	42	
34	35	50	
34	40	50	
34	41	50	
34	44	50	
34	48	50	
34	35	52	
34	41	52	
34	45	52	
34	51	52	
35	36	42	
35	37	42	
35	38	42	
35	39	42	
35	40	42	
35	40	46	
35	44	46	
35	38	48	
35	44	48	
35	47	48	
35	36	50	
35	37	50	
35	40	50	
35	41	50	
35	44	50	
35	36	52	
35	41	52	
35	45	52	
35	51	52	
35	36	57	
35	37	57	
35	49	57	
35	51	57	
35	37	58	
35	38	58	
35	40	58	
35	41	58	
35	45	58	
35	49	58	
35	51	58	
35	53	58	
35	54	58	
36	38	42	
36	39	42	
36	40	42	
36	40	50	
36	41	50	
36	44	50	
36	48	50	
36	41	52	
36	51	52	
36	40	56	
36	41	56	
36	44	56	
36	46	56	
36	47	56	
36	49	56	
36	51	56	
36	53	56	
36	54	56	
36	48	57	
36	49	57	
36	51	57	
36	38	62	
36	39	62	
36	51	62	
36	53	62	
36	54	62	
36	55	62	
36	60	62	
36	61	62	
37	39	41	
37	38	42	
37	39	42	
37	40	42	
37	40	50	
37	44	50	
37	48	50	
37	40	56	
37	44	56	
37	45	56	
37	46	56	
37	47	56	
37	49	56	
37	51	56	
37	52	56	
37	53	56	
37	54	56	
37	48	57	
37	49	57	
37	51	57	
37	38	58	
37	40	58	
37	45	58	
37	48	58	
37	49	58	
37	51	58	
37	52	58	
37	53	58	
37	54	58	
37	38	62	
37	39	62	
37	45	62	
37	51	62	
37	52	62	
37	53	62	
37	54	62	
37	55	62	
37	60	62	
37	61	62	
38	39	42	
38	40	42	
38	39	43	
38	41	43	
38	46	48	
38	47	48	
38	39	49	
38	46	49	
38	40	58	
38	41	58	
38	45	58	
38	50	58	
38	51	58	
38	52	58	
38	53	58	
38	54	58	
38	39	62	
38	45	62	
38	51	62	
38	52	62	
38	53	62	
38	54	62	
38	55	62	
38	57	62	
38	60	62	
38	61	62	
39	40	42	
39	46	49	
39	45	53	
39	45	62	
39	51	62	
39	52	62	
39	54	62	
39	55	62	
39	57	62	
39	60	62	
39	61	62	
40	41	50	
40	48	50	
40	41	56	
40	45	56	
40	47	56	
40	49	56	
40	52	56	
40	53	56	
40	54	56	
40	41	58	
40	45	58	
40	48	58	
40	49	58	
40	52	58	
40	53	58	
40	54	58	
40	47	60	
40	55	60	
40	57	60	
40	45	61	
40	48	61	
40	52	61	
40	53	61	
40	54	61	
41	44	50	
41	48	50	
41	45	52	
41	51	52	
41	45	53	
41	44	56	
41	45	56	
41	46	56	
41	47	56	
41	49	56	
41	51	56	
41	54	56	
41	45	58	
41	48	58	
41	49	58	
41	51	58	
41	54	58	
42	52	59	
44	47	48	
44	45	56	
44	47	56	
44	49	56	
44	51	56	
44	52	56	
44	53	56	
44	54	56	
44	45	61	
44	52	61	
44	53	61	
44	54	61	
45	51	52	
45	46	56	
45	47	56	
45	49	56	
45	51	56	
45	54	56	
45	48	58	
45	49	58	
45	50	58	
45	51	58	
45	54	58	
45	46	61	
45	48	61	
45	50	61	
45	54	61	
45	51	62	
45	54	62	
45	55	62	
45	57	62	
45	60	62	
46	47	48	
46	47	56	
46	51	56	
46	52	56	
46	53	56	
46	54	56	
46	47	60	
46	55	60	
46	57	60	
46	50	61	
46	52	61	
46	53	61	
46	54	61	
47	49	56	
47	52	56	
47	53	56	
47	54	56	
47	55	60	
48	51	57	
48	51	58	
48	52	58	
48	53	58	
48	54	58	
48	52	61	
48	53	61	
48	54	61	
49	52	56	
49	53	56	
49	54	56	
49	52	58	
49	53	58	
49	54	58	
50	53	58	
50	54	58	
50	53	61	
50	54	61	
51	53	56	
51	53	58	
51	53	62	
51	60	62	
51	61	62	
52	55	62	
52	57	62	
52	60	62	
53	55	62	
53	57	62	
53	60	62	
54	55	62	
54	57	62	
54	60	62	
57	61	62	

