
   Summary motif results
   =====================
mfinder Version 1.20

MOTIF FINDER RESULTS:

	Network name: ../data/pdc_20.txt
	Network type: Directed
	Num of Nodes: 63 Num of Edges: 794
	Num of Nodes with edges: 63
	Maximal out degree (out-hub) : 32
	Maximal in degree (in-hub) : 37
	Roots num: 6 Leaves num: 0
	Single Edges num: 614 Mutual Edges num: 84

	Motif size searched  4
	Total number of 4-node subgraphs : 176405
	Number of random networks generated : 100
	Random networks generation method: Switches
	Num of Switches range: 100.0-200.0, Success switches Ratio:0.258+-0.00

The following motifs were found:

Criteria taken : Nreal Zscore > 2.00
                 Pval ignored (due to small number of random networks)
                 Mfactor > 1.10
                 Uniqueness >= 4


	Top Motifs List

MOTIF	NREAL	NRAND		NREAL	NREAL	UNIQ	CREAL
ID		STATS		ZSCORE	PVAL	VAL	[MILI]	

906	1068	568.7+-54.1	9.23	0.000	9	6.05

0 1 0 1 
0 0 0 1 
1 1 0 0 
0 0 0 0 

2254	1470	777.6+-65.0	10.66	0.000	9	8.33

0 1 1 1 
0 0 1 1 
0 0 0 1 
0 0 0 0 

2524	659	218.6+-31.1	14.14	0.000	6	3.74

0 0 1 1 
1 0 1 1 
1 0 0 1 
0 0 0 0 

5016	893	579.3+-49.3	6.37	0.000	8	5.06

0 0 0 1 
1 0 0 1 
1 1 0 0 
1 0 0 0 

6554	830	523.4+-40.6	7.55	0.000	9	4.70

0 1 0 1 
1 0 0 1 
1 0 0 1 
1 0 0 0 

6616	790	367.8+-42.4	9.97	0.000	9	4.48

0 0 0 1 
1 0 1 1 
1 0 0 1 
1 0 0 0 

6620	655	337.6+-39.6	8.02	0.000	6	3.71

0 0 1 1 
1 0 1 1 
1 0 0 1 
1 0 0 0 



	(Total No. of non-dangling motifs : 31)



	Full list includes 44 motifs
MOTIF	NREAL	NRAND		NREAL	NREAL	UNIQ	CREAL
ID		STATS		ZSCORE	PVAL	VAL	[MILI]	

94	775	586.1+-57.4	3.29	0.000	7	4.39

0 1 1 1 
1 0 1 0 
0 0 0 0 
0 0 0 0 

222	222	63.1+-18.1	8.79	0.000	5	1.26

0 1 1 1 
1 0 1 1 
0 0 0 0 
0 0 0 0 

344	2461	1715.2+-84.7	8.81	0.000	10	13.95

0 0 0 1 
1 0 1 0 
1 0 0 0 
0 0 0 0 

394	1349	1135.3+-70.7	3.02	0.000	9	7.65

0 1 0 1 
0 0 0 1 
1 0 0 0 
0 0 0 0 

410	1087	786.6+-68.1	4.41	0.000	10	6.16

0 1 0 1 
1 0 0 1 
1 0 0 0 
0 0 0 0 

478	133	95.3+-13.6	2.77	0.010	6	0.75

0 1 1 1 
1 0 1 1 
1 0 0 0 
0 0 0 0 

856	387	137.0+-20.3	12.33	0.000	5	2.19

0 0 0 1 
1 0 1 0 
1 1 0 0 
0 0 0 0 

862	108	65.4+-19.8	2.15	0.000	5	0.61

0 1 1 1 
1 0 1 0 
1 1 0 0 
0 0 0 0 

904	1300	1030.3+-97.4	2.77	0.010	9	7.37

0 0 0 1 
0 0 0 1 
1 1 0 0 
0 0 0 0 

906	1068	568.7+-54.1	9.23	0.000	9	6.05

0 1 0 1 
0 0 0 1 
1 1 0 0 
0 0 0 0 

910	172	127.0+-17.8	2.53	0.010	7	0.97

0 1 1 1 
0 0 0 1 
1 1 0 0 
0 0 0 0 

922	453	170.1+-28.4	9.96	0.000	5	2.57

0 1 0 1 
1 0 0 1 
1 1 0 0 
0 0 0 0 

926	85	60.6+-11.2	2.18	0.020	5	0.48

0 1 1 1 
1 0 0 1 
1 1 0 0 
0 0 0 0 

990	93	23.4+-8.5	8.20	0.000	4	0.53

0 1 1 1 
1 0 1 1 
1 1 0 0 
0 0 0 0 

2202	1612	819.4+-64.9	12.21	0.000	9	9.14

0 1 0 1 
1 0 0 1 
0 0 0 1 
0 0 0 0 

2206	333	233.4+-28.3	3.52	0.000	8	1.89

0 1 1 1 
1 0 0 1 
0 0 0 1 
0 0 0 0 

2254	1470	777.6+-65.0	10.66	0.000	9	8.33

0 1 1 1 
0 0 1 1 
0 0 0 1 
0 0 0 0 

2270	218	44.8+-13.3	13.00	0.000	6	1.24

0 1 1 1 
1 0 1 1 
0 0 0 1 
0 0 0 0 

2458	897	681.1+-64.1	3.37	0.000	10	5.08

0 1 0 1 
1 0 0 1 
1 0 0 1 
0 0 0 0 

2524	659	218.6+-31.1	14.14	0.000	6	3.74

0 0 1 1 
1 0 1 1 
1 0 0 1 
0 0 0 0 

2526	177	40.2+-11.1	12.33	0.000	6	1.00

0 1 1 1 
1 0 1 1 
1 0 0 1 
0 0 0 0 

3038	60	4.2+-2.9	19.30	0.000	4	0.34

0 1 1 1 
1 0 1 1 
1 1 0 1 
0 0 0 0 

4438	869	664.5+-61.7	3.31	0.000	7	4.93

0 1 1 0 
1 0 1 0 
1 0 0 0 
1 0 0 0 

4678	646	353.5+-42.9	6.83	0.000	8	3.66

0 1 1 0 
0 0 1 0 
0 1 0 0 
1 0 0 0 

4694	607	401.5+-39.8	5.16	0.000	7	3.44

0 1 1 0 
1 0 1 0 
0 1 0 0 
1 0 0 0 

4946	912	719.8+-61.2	3.14	0.010	6	5.17

0 1 0 0 
1 0 1 0 
1 1 0 0 
1 0 0 0 

4950	332	194.3+-47.7	2.88	0.010	5	1.88

0 1 1 0 
1 0 1 0 
1 1 0 0 
1 0 0 0 

4952	334	156.2+-20.0	8.91	0.000	5	1.89

0 0 0 1 
1 0 1 0 
1 1 0 0 
1 0 0 0 

5016	893	579.3+-49.3	6.37	0.000	8	5.06

0 0 0 1 
1 0 0 1 
1 1 0 0 
1 0 0 0 

5018	480	291.7+-34.9	5.40	0.000	6	2.72

0 1 0 1 
1 0 0 1 
1 1 0 0 
1 0 0 0 

5080	176	133.6+-18.1	2.34	0.010	6	1.00

0 0 0 1 
1 0 1 1 
1 1 0 0 
1 0 0 0 

6366	57	26.8+-6.6	4.57	0.000	6	0.32

0 1 1 1 
1 0 1 1 
0 0 0 1 
1 0 0 0 

6554	830	523.4+-40.6	7.55	0.000	9	4.70

0 1 0 1 
1 0 0 1 
1 0 0 1 
1 0 0 0 

6604	384	295.3+-34.0	2.61	0.000	6	2.18

0 0 1 1 
0 0 1 1 
1 0 0 1 
1 0 0 0 

6616	790	367.8+-42.4	9.97	0.000	9	4.48

0 0 0 1 
1 0 1 1 
1 0 0 1 
1 0 0 0 

6620	655	337.6+-39.6	8.02	0.000	6	3.71

0 0 1 1 
1 0 1 1 
1 0 0 1 
1 0 0 0 

6622	100	22.6+-7.0	11.01	0.000	5	0.57

0 1 1 1 
1 0 1 1 
1 0 0 1 
1 0 0 0 

7128	107	20.7+-7.8	11.13	0.000	4	0.61

0 0 0 1 
1 0 1 1 
1 1 0 1 
1 0 0 0 

7130	140	31.3+-8.2	13.18	0.000	4	0.79

0 1 0 1 
1 0 1 1 
1 1 0 1 
1 0 0 0 

13142	302	134.9+-34.1	4.90	0.000	6	1.71

0 1 1 0 
1 0 1 0 
1 1 0 0 
1 1 0 0 

13146	73	31.7+-7.5	5.48	0.000	5	0.41

0 1 0 1 
1 0 1 0 
1 1 0 0 
1 1 0 0 

15258	160	47.5+-15.3	7.34	0.000	4	0.91

0 1 0 1 
1 0 0 1 
1 1 0 1 
1 1 0 0 

15262	59	9.2+-3.8	13.13	0.000	4	0.33

0 1 1 1 
1 0 0 1 
1 1 0 1 
1 1 0 0 

15326	43	5.3+-3.1	12.15	0.000	4	0.24

0 1 1 1 
1 0 1 1 
1 1 0 1 
1 1 0 0 




Full list of subgraphs size 4 ids:

	( Total num of different subgraphs size 4 is : 199 )

MOTIF	NREAL	NRAND		NREAL	NREAL	CREAL	UNIQ
ID		STATS		ZSCORE	PVAL	[MILI]	
14	3796	4716.4+-194.3	-4.74	1.000	21.52	8

28	1141	2117.1+-115.5	-8.45	1.000	6.47	9

30	407	902.7+-76.2	-6.50	1.000	2.31	7

74	7929	7805.2+-231.8	0.53	0.270	44.95	11

76	23213	28025.6+-398.0	-12.09	1.000	131.58	10

78	7064	7256.8+-124.6	-1.55	0.950	40.04	11

90	345	618.9+-63.5	-4.31	1.000	1.96	6

92	2139	2598.4+-104.8	-4.38	1.000	12.12	10

94	775	586.1+-57.4	3.29	0.000	4.39	7

204	2574	4121.3+-259.4	-5.96	1.000	14.59	9

206	1241	1148.6+-71.5	1.29	0.110	7.03	9

222	222	63.1+-18.1	8.79	0.000	1.26	5

280	4264	4915.0+-219.6	-2.96	0.990	24.17	10

282	1121	2391.3+-126.3	-10.06	1.000	6.35	7

286	48	376.5+-41.0	-8.01	1.000	0.27	5

328	2687	3332.8+-187.2	-3.45	1.000	15.23	10

330	47	339.8+-64.7	-4.53	1.000	0.27	4

332	1315	2896.2+-159.3	-9.92	1.000	7.45	9

334	75	417.8+-51.8	-6.61	1.000	0.43	6

344	2461	1715.2+-84.7	8.81	0.000	13.95	10

346	121	243.8+-28.8	-4.26	1.000	0.69	5

348	1129	1261.4+-91.2	-1.45	0.950	6.40	8

350	144	216.7+-24.3	-2.99	1.000	0.82	5

390	673	963.3+-69.6	-4.17	1.000	3.81	7

392	12807	11778.6+-370.4	2.78	0.000	72.60	11

394	1349	1135.3+-70.7	3.02	0.000	7.65	9

396	2243	3203.7+-146.7	-6.55	1.000	12.71	10

398	228	476.7+-43.1	-5.77	1.000	1.29	7

404	4404	5110.7+-181.0	-3.90	1.000	24.96	8

406	151	677.0+-55.9	-9.40	1.000	0.86	7

408	6004	5983.7+-154.3	0.13	0.410	34.03	9

410	1087	786.6+-68.1	4.41	0.000	6.16	10

412	661	1380.5+-73.7	-9.76	1.000	3.75	9

414	68	248.5+-26.5	-6.80	1.000	0.39	5

454	96	286.8+-37.5	-5.09	1.000	0.54	5

456	1345	2049.1+-102.9	-6.84	1.000	7.62	10

458	29	112.5+-22.8	-3.66	1.000	0.16	3

460	779	1664.1+-104.8	-8.44	1.000	4.42	9

462	47	135.2+-23.6	-3.75	1.000	0.27	5

468	2162	2089.9+-113.3	0.64	0.260	12.26	8

470	186	280.7+-32.8	-2.88	1.000	1.06	6

472	1333	1547.6+-74.2	-2.89	1.000	7.56	9

474	53	111.7+-17.2	-3.42	1.000	0.30	5

476	921	1071.3+-59.1	-2.54	1.000	5.22	8

478	133	95.3+-13.6	2.77	0.010	0.75	6

856	387	137.0+-20.3	12.33	0.000	2.19	5

858	203	171.9+-21.2	1.47	0.080	1.15	4

862	108	65.4+-19.8	2.15	0.000	0.61	5

904	1300	1030.3+-97.4	2.77	0.010	7.37	9

906	1068	568.7+-54.1	9.23	0.000	6.05	9

908	147	329.3+-34.4	-5.30	1.000	0.83	8

910	172	127.0+-17.8	2.53	0.010	0.97	7

922	453	170.1+-28.4	9.96	0.000	2.57	5

924	30	78.5+-13.1	-3.69	1.000	0.17	4

926	85	60.6+-11.2	2.18	0.020	0.48	5

972	14	111.9+-16.1	-6.08	1.000	0.08	3

974	72	78.2+-13.2	-0.47	0.670	0.41	6

990	93	23.4+-8.5	8.20	0.000	0.53	4

2184	8476	11171.4+-381.3	-7.07	1.000	48.05	13

2186	11220	11256.8+-177.9	-0.21	0.590	63.60	12

2190	1492	1447.2+-96.6	0.46	0.370	8.46	9

2202	1612	819.4+-64.9	12.21	0.000	9.14	9

2204	1073	1052.1+-54.3	0.38	0.390	6.08	9

2206	333	233.4+-28.3	3.52	0.000	1.89	8

2252	2758	2742.4+-126.9	0.12	0.470	15.63	9

2254	1470	777.6+-65.0	10.66	0.000	8.33	9

2270	218	44.8+-13.3	13.00	0.000	1.24	6

2458	897	681.1+-64.1	3.37	0.000	5.08	10

2462	52	59.2+-12.3	-0.58	0.730	0.29	4

2506	5	18.8+-6.4	-2.17	0.990	0.03	1

2510	63	55.0+-12.0	0.67	0.260	0.36	5

2524	659	218.6+-31.1	14.14	0.000	3.74	6

2526	177	40.2+-11.1	12.33	0.000	1.00	6

3038	60	4.2+-2.9	19.30	0.000	0.34	4

4370	3944	5545.5+-247.9	-6.46	1.000	22.36	9

4374	335	1145.1+-93.2	-8.69	1.000	1.90	5

4382	5	95.5+-19.6	-4.63	1.000	0.03	2

4418	341	771.8+-112.6	-3.83	1.000	1.93	3

4420	3021	3505.8+-191.6	-2.53	0.990	17.12	9

4422	554	569.2+-55.0	-0.28	0.640	3.14	7

4424	2519	2306.8+-112.9	1.88	0.030	14.28	10

4426	65	203.1+-33.3	-4.15	1.000	0.37	2

4428	504	1592.6+-87.2	-12.48	1.000	2.86	7

4430	33	180.2+-24.7	-5.95	1.000	0.19	5

4434	624	1059.0+-106.7	-4.08	1.000	3.54	7

4436	5600	6046.0+-172.3	-2.59	1.000	31.74	10

4438	869	664.5+-61.7	3.31	0.000	4.93	7

4440	2064	1938.0+-111.9	1.13	0.130	11.70	9

4442	78	232.2+-31.3	-4.93	1.000	0.44	6

4444	430	1200.7+-75.6	-10.19	1.000	2.44	6

4446	28	167.1+-17.6	-7.90	1.000	0.16	4

4546	7	39.6+-13.1	-2.49	1.000	0.04	1

4548	1091	1232.0+-76.2	-1.85	0.980	6.18	10

4550	31	59.4+-14.8	-1.91	0.990	0.18	3

4556	132	402.2+-40.8	-6.63	1.000	0.75	6

4558	10	25.3+-8.5	-1.81	0.990	0.06	2

4562	11	70.7+-16.6	-3.59	1.000	0.06	5

4564	1193	1554.7+-66.7	-5.42	1.000	6.76	10

4566	48	90.9+-16.6	-2.58	0.990	0.27	4

4572	160	459.0+-51.7	-5.78	1.000	0.91	6

4574	32	31.5+-8.1	0.07	0.430	0.18	3

4678	646	353.5+-42.9	6.83	0.000	3.66	8

4682	516	670.2+-33.5	-4.61	1.000	2.92	7

4686	91	146.0+-20.8	-2.64	1.000	0.52	6

4692	437	637.5+-71.4	-2.81	1.000	2.48	7

4694	607	401.5+-39.8	5.16	0.000	3.44	7

4698	18	197.5+-24.5	-7.32	1.000	0.10	3

4700	71	167.4+-18.7	-5.17	1.000	0.40	5

4702	49	127.2+-15.2	-5.14	1.000	0.28	3

4740	18	67.1+-15.1	-3.26	1.000	0.10	2

4742	27	77.6+-18.1	-2.80	1.000	0.15	3

4748	84	236.2+-28.7	-5.30	1.000	0.48	3

4750	29	93.2+-14.6	-4.40	1.000	0.16	4

4758	26	24.7+-7.2	0.19	0.450	0.15	3

4764	14	61.6+-13.9	-3.43	1.000	0.08	4

4766	33	43.5+-7.4	-1.43	0.920	0.19	4

4812	26	96.4+-15.2	-4.62	1.000	0.15	4

4814	28	65.3+-11.4	-3.28	1.000	0.16	4

4830	39	17.8+-5.1	4.15	0.000	0.22	3

4946	912	719.8+-61.2	3.14	0.010	5.17	6

4950	332	194.3+-47.7	2.88	0.010	1.88	5

4952	334	156.2+-20.0	8.91	0.000	1.89	5

4954	109	165.6+-17.3	-3.27	1.000	0.62	4

4958	14	51.0+-11.6	-3.19	1.000	0.08	2

4994	244	383.4+-56.9	-2.45	0.990	1.38	5

4998	47	55.7+-10.9	-0.80	0.810	0.27	3

5002	248	267.0+-30.2	-0.63	0.730	1.41	6

5004	26	165.5+-17.8	-7.84	1.000	0.15	4

5006	15	46.5+-9.1	-3.44	1.000	0.09	3

5010	453	459.0+-50.3	-0.12	0.520	2.57	6

5012	52	106.6+-17.6	-3.10	1.000	0.29	5

5014	84	58.4+-11.1	2.31	0.010	0.48	3

5016	893	579.3+-49.3	6.37	0.000	5.06	8

5018	480	291.7+-34.9	5.40	0.000	2.72	6

5020	18	68.2+-12.0	-4.17	1.000	0.10	3

5022	37	43.4+-10.2	-0.62	0.720	0.21	5

5058	27	56.5+-12.7	-2.32	1.000	0.15	3

5062	30	36.8+-9.1	-0.74	0.780	0.17	3

5064	38	102.5+-15.1	-4.26	1.000	0.22	4

5066	16	39.7+-8.0	-2.97	1.000	0.09	3

5068	21	116.4+-18.4	-5.19	1.000	0.12	3

5070	15	29.7+-6.4	-2.30	1.000	0.09	2

5074	73	77.1+-10.5	-0.39	0.640	0.41	6

5076	74	103.3+-14.2	-2.06	0.990	0.42	5

5078	34	43.7+-12.1	-0.81	0.790	0.19	2

5080	176	133.6+-18.1	2.34	0.010	1.00	6

5082	51	51.8+-10.7	-0.07	0.510	0.29	4

5084	25	67.7+-11.9	-3.59	1.000	0.14	3

5086	28	31.2+-7.7	-0.42	0.650	0.16	4

6342	12	21.3+-8.6	-1.08	0.920	0.07	3

6348	288	505.6+-59.1	-3.68	1.000	1.63	6

6350	23	38.5+-9.6	-1.61	0.960	0.13	5

6356	42	94.7+-16.2	-3.25	1.000	0.24	4

6358	10	20.3+-5.5	-1.85	0.980	0.06	2

6364	258	316.5+-36.2	-1.61	0.940	1.46	7

6366	57	26.8+-6.6	4.57	0.000	0.32	6

6550	11	29.7+-7.6	-2.45	1.000	0.06	3

6552	1465	1280.0+-114.6	1.61	0.060	8.30	8

6554	830	523.4+-40.6	7.55	0.000	4.70	9

6558	39	34.3+-7.3	0.64	0.300	0.22	5

6598	5	12.6+-4.3	-1.74	0.990	0.03	2

6602	14	27.9+-8.7	-1.59	0.960	0.08	3

6604	384	295.3+-34.0	2.61	0.000	2.18	6

6606	24	17.8+-5.1	1.22	0.130	0.14	4

6614	18	20.1+-5.6	-0.37	0.670	0.10	4

6616	790	367.8+-42.4	9.97	0.000	4.48	9

6618	46	42.7+-8.5	0.39	0.360	0.26	4

6620	655	337.6+-39.6	8.02	0.000	3.71	6

6622	100	22.6+-7.0	11.01	0.000	0.57	5

6854	6	7.2+-3.8	-0.31	0.640	0.03	2

6858	71	72.9+-14.4	-0.13	0.520	0.40	5

6862	19	11.3+-4.4	1.73	0.040	0.11	3

6870	6	9.9+-3.2	-1.22	0.930	0.03	2

6874	36	54.5+-8.8	-2.10	0.990	0.20	5

6876	22	24.0+-6.2	-0.32	0.650	0.12	5

6878	30	13.5+-4.2	3.89	0.000	0.17	3

7126	9	5.9+-3.0	1.04	0.160	0.05	1

7128	107	20.7+-7.8	11.13	0.000	0.61	4

7130	140	31.3+-8.2	13.18	0.000	0.79	4

7134	33	7.0+-3.4	7.75	0.000	0.19	3

13142	302	134.9+-34.1	4.90	0.000	1.71	6

13146	73	31.7+-7.5	5.48	0.000	0.41	5

13148	14	40.4+-8.2	-3.22	1.000	0.08	2

13150	37	39.5+-10.4	-0.24	0.600	0.21	4

13260	0	8.6+-3.9	-2.23	1.000	0.00	0

13262	4	14.3+-4.7	-2.20	1.000	0.02	2

13278	13	6.6+-3.8	1.67	0.080	0.07	3

14678	8	15.2+-4.6	-1.56	0.990	0.05	2

14686	2	3.4+-2.3	-0.61	0.780	0.01	1

14790	0	2.0+-1.7	-1.18	1.000	0.00	0

14798	11	9.3+-3.8	0.46	0.260	0.06	2

14810	25	8.9+-3.7	4.42	0.000	0.14	3

14812	22	21.0+-5.8	0.17	0.460	0.12	3

14814	23	9.8+-3.7	3.55	0.000	0.13	3

15258	160	47.5+-15.3	7.34	0.000	0.91	4

15262	59	9.2+-3.8	13.13	0.000	0.33	4

15310	18	6.2+-3.4	3.46	0.010	0.10	3

15326	43	5.3+-3.1	12.15	0.000	0.24	4

31710	4	0.4+-0.7	5.20	0.000	0.02	2



 (Application total runtime was:  26.60 minutes).

 (Real network processing runtime was:   13.0 seconds.)

 (Single Random network processing runtime was:   15.8 seconds.)
