14 3747 4761.7000 202.9826 -5.0006 1.0000 9 21.5986
28 2480 3035.5567 149.2043 -3.7212 1.0000 11 14.2985
30 732 1413.5650 99.2631 -6.8688 1.0000 9 4.2184
74 9102 8810.7533 248.8095 1.1706 0.1400 11 52.4708
76 20395 25500.3000 457.7423 -11.1539 1.0000 11 117.5704
78 6514 6923.8925 115.4129 -3.5515 1.0000 10 37.5516
90 592 805.7125 72.7915 -2.9325 1.0000 10 3.4142
92 3073 3224.7450 121.4692 -1.2472 0.9000 10 17.7165
94 1240 842.1740 74.5185 5.3413 0.0000 9 7.1495
204 1941 3313.4150 218.4792 -6.2805 1.0000 10 11.1908
206 1566 1205.8860 67.7435 5.3158 0.0000 8 9.0276
222 374 100.0233 24.5174 11.1748 0.0000 6 2.1560
280 4849 5226.7500 233.2910 -1.6178 0.9400 10 27.9552
282 1778 2834.7375 138.1958 -7.6431 1.0000 10 10.2526
286 164 479.0340 47.9080 -6.5758 1.0000 5 0.9454
328 3840 4037.5167 182.2032 -1.0859 0.8600 11 22.1348
330 154 544.3875 83.2182 -4.6911 1.0000 5 0.8878
332 1654 3395.0250 199.2733 -8.7394 1.0000 9 9.5320
334 189 662.9520 67.6220 -7.0088 1.0000 8 1.0895
344 3054 1952.0950 100.7005 10.9449 0.0000 12 17.6070
346 173 320.4800 37.0236 -3.9834 1.0000 7 0.9973
348 1528 1351.2380 87.2926 2.0295 0.0200 11 8.8109
350 284 266.4117 34.4464 0.5106 0.3100 5 1.6372
390 1114 1298.0525 75.9171 -2.4310 1.0000 10 6.4191
392 12571 11489.7067 334.2964 3.2345 0.0000 12 72.4688
394 1749 1488.6575 92.9885 2.7997 0.0000 10 10.0826
396 2854 3619.3775 146.3944 -5.2282 1.0000 11 16.4526
398 373 698.6700 69.2245 -4.7046 1.0000 10 2.1503
404 4713 5354.7825 184.0123 -3.4877 1.0000 11 27.1693
406 256 833.0740 64.7891 -8.9070 1.0000 6 1.4758
408 5455 5555.0250 147.3094 -0.6773 0.7600 10 31.4482
410 1253 915.7640 91.7523 3.6755 0.0000 8 7.2232
412 851 1462.3120 89.0474 -6.8605 1.0000 9 4.9081
414 132 297.2567 38.0142 -4.3472 1.0000 6 0.7609
454 219 440.8820 44.8402 -4.9394 1.0000 6 1.2648
456 1612 2122.8000 90.9587 -5.6130 1.0000 10 9.2942
458 56 191.3800 31.0013 -4.3669 1.0000 3 0.3228
460 804 1750.2560 108.9832 -8.6789 1.0000 8 4.6372
462 127 230.6817 29.1986 -3.5509 1.0000 8 0.7321
468 2078 1868.4900 99.9454 2.0942 0.0300 9 11.9780
470 237 386.9867 42.6805 -3.5142 1.0000 6 1.3662
472 1164 1459.8020 73.7678 -4.0153 1.0000 9 6.7079
474 107 167.1200 27.7365 -2.1675 0.9900 6 0.6168
476 962 992.8717 65.2316 -0.4682 0.6900 10 5.5476
478 243 131.1514 18.3074 6.1095 0.0000 6 1.4008
856 631 188.5340 25.3066 17.4921 0.0000 7 3.6387
858 246 209.0033 26.2654 1.4086 0.0600 6 1.4181
862 188 74.6129 24.2653 4.6728 0.0000 5 1.0838
904 1385 1058.8300 86.5404 3.7690 0.0000 10 7.9842
906 1186 689.9840 57.3857 8.6435 0.0000 9 6.8370
908 270 390.2340 41.0190 -2.9312 1.0000 9 1.5565
910 275 180.8117 25.9989 3.6228 0.0000 8 1.5853
922 626 182.7833 25.1270 17.6391 0.0000 7 3.6087
924 63 110.0233 17.6176 -2.6691 1.0000 5 0.3632
926 113 69.2471 12.8923 3.3937 0.0000 5 0.6514
972 30 131.8900 19.6729 -5.1792 1.0000 4 0.1729
974 94 105.9329 16.6157 -0.7182 0.7600 6 0.5419
990 98 27.0113 9.8900 7.1778 0.0000 3 0.5649
2184 6349 8320.9633 326.5019 -6.0397 1.0000 14 36.6005
2186 9091 9236.1125 148.5899 -0.9749 0.8700 12 52.4089
2190 1360 1219.5500 73.4197 1.9157 0.0300 11 7.8412
2202 1551 850.9740 79.6231 8.7917 0.0000 10 8.9411
2204 933 1152.3620 65.5793 -3.3450 1.0000 9 5.3785
2206 425 295.9067 37.7486 3.4198 0.0000 8 2.4500
2252 1944 2114.0220 102.5145 -1.6585 0.9600 10 11.2067
2254 1172 758.7650 66.5439 6.2125 0.0000 8 6.7573
2270 277 62.0200 15.9999 13.4363 0.0000 5 1.5968
2458 799 686.6433 63.2086 1.7776 0.0200 8 4.6060
2462 72 66.7714 15.6959 0.3331 0.3800 6 0.4151
2506 14 31.6617 8.6875 -2.0330 1.0000 4 0.0807
2510 111 84.1186 14.8690 1.8079 0.0200 6 0.6399
2524 614 196.8329 29.2987 14.2384 0.0000 6 3.5396
2526 201 51.5213 12.4767 11.9806 0.0000 4 1.1587
3038 75 4.1800 2.8715 24.6633 0.0000 4 0.4324
4370 3209 4541.0200 234.0654 -5.6908 1.0000 9 18.4991
4374 369 1077.6320 86.1340 -8.2271 1.0000 6 2.1272
4382 18 100.7567 19.5013 -4.2437 1.0000 3 0.1038
4418 501 933.1075 125.2842 -3.4490 1.0000 6 2.8881
4420 2633 3168.3275 166.2758 -3.2195 1.0000 10 15.1786
4422 553 638.4960 52.7296 -1.6214 0.9500 9 3.1879
4424 2626 2481.7125 116.9775 1.2335 0.1100 9 15.1383
4426 77 259.7140 40.3906 -4.5237 1.0000 6 0.4439
4428 686 1549.5520 84.4450 -10.2262 1.0000 8 3.9546
4430 45 211.1800 24.3694 -6.8192 1.0000 4 0.2594
4434 584 1087.8220 96.3752 -5.2277 1.0000 8 3.3666
4436 4616 4325.7460 163.5056 1.7752 0.0400 11 26.6101
4438 561 636.7233 62.5947 -1.2097 0.8900 7 3.2340
4440 1592 1679.2840 109.2536 -0.7989 0.8000 11 9.1775
4442 70 253.2350 30.6868 -5.9711 1.0000 6 0.4035
4444 524 987.4967 76.6649 -6.0457 1.0000 7 3.0207
4446 41 167.9786 18.4480 -6.8831 1.0000 5 0.2364
4546 13 61.5600 19.4997 -2.4903 1.0000 4 0.0749
4548 985 1163.6760 76.2255 -2.3440 1.0000 8 5.6783
4550 31 81.7700 17.4689 -2.9063 1.0000 5 0.1787
4556 136 354.5000 31.7244 -6.8874 1.0000 6 0.7840
4558 8 33.1114 9.1442 -2.7462 1.0000 3 0.0461
4562 28 106.7217 22.7265 -3.4639 1.0000 4 0.1614
4564 1021 1135.1283 63.2165 -1.8054 0.9500 9 5.8858
4566 40 124.8157 20.6475 -4.1078 1.0000 4 0.2306
4572 197 328.0800 39.3607 -3.3302 1.0000 5 1.1357
4574 34 38.9188 9.8073 -0.5015 0.6800 4 0.1960
4678 720 407.6020 42.8862 7.2844 0.0000 10 4.1506
4682 734 799.7140 30.7690 -2.1357 0.9900 10 4.2313
4686 175 187.6933 24.1665 -0.5252 0.7200 6 1.0088
4692 648 752.8800 68.9840 -1.5204 0.9400 9 3.7356
4694 460 394.4617 46.9547 1.3958 0.0400 8 2.6518
4698 33 207.2783 28.4534 -6.1250 1.0000 4 0.1902
4700 90 202.3683 20.5685 -5.4631 1.0000 6 0.5188
4702 28 136.9029 17.9466 -6.0682 1.0000 3 0.1614
4740 28 87.9225 17.4844 -3.4272 1.0000 2 0.1614
4742 40 118.6260 21.6647 -3.6292 1.0000 3 0.2306
4748 68 300.7000 34.4831 -6.7482 1.0000 6 0.3920
4750 62 142.9100 20.4025 -3.9657 1.0000 6 0.3574
4758 18 29.2367 8.3785 -1.3411 0.9300 3 0.1038
4764 38 81.2967 17.2531 -2.5095 1.0000 4 0.2191
4766 28 50.4014 10.4058 -2.1528 0.9900 3 0.1614
4812 30 119.5367 16.7218 -5.3545 1.0000 6 0.1729
4814 52 94.1129 13.3229 -3.1609 1.0000 6 0.2998
4830 11 21.5575 6.1060 -1.7290 0.9800 2 0.0634
4946 549 618.7183 68.9344 -1.0114 0.8400 8 3.1649
4950 496 158.5329 48.9897 6.8885 0.0000 5 2.8593
4952 341 160.5517 20.2041 8.9313 0.0000 7 1.9658
4954 73 154.3586 19.4300 -4.1873 1.0000 6 0.4208
4958 29 47.2775 12.8420 -1.4233 0.9400 4 0.1672
4994 183 439.0280 58.0885 -4.4075 1.0000 5 1.0550
4998 47 76.1733 16.1466 -1.8068 0.9800 2 0.2709
5002 212 289.2217 34.9474 -2.2097 1.0000 8 1.2221
5004 35 180.7667 19.7970 -7.3631 1.0000 6 0.2018
5006 27 58.8200 10.0646 -3.1616 1.0000 3 0.1556
5010 400 408.2833 47.6210 -0.1739 0.5400 8 2.3059
5012 47 136.0400 18.7489 -4.7491 1.0000 5 0.2709
5014 31 62.9600 11.1609 -2.8636 1.0000 4 0.1787
5016 815 528.1183 51.9525 5.5220 0.0000 9 4.6983
5018 321 244.3686 27.9503 2.7417 0.0200 7 1.8505
5020 36 78.3457 13.4677 -3.1442 1.0000 4 0.2075
5022 13 40.8450 9.7064 -2.8687 1.0000 5 0.0749
5058 25 72.0517 14.2913 -3.2923 1.0000 6 0.1441
5062 16 38.9000 8.6721 -2.6406 1.0000 3 0.0922
5064 86 108.2183 14.6899 -1.5125 0.9300 7 0.4958
5066 22 46.2014 9.9623 -2.4293 1.0000 4 0.1268
5068 15 113.6886 17.1519 -5.7538 1.0000 3 0.0865
5070 13 31.5525 6.7847 -2.7345 0.9900 3 0.0749
5074 33 77.9714 13.5125 -3.3281 1.0000 4 0.1902
5076 44 114.8200 17.1533 -4.1287 1.0000 6 0.2536
5078 46 42.5588 16.2514 0.2118 0.3800 4 0.2652
5080 213 137.8043 20.9054 3.5969 0.0000 7 1.2279
5082 25 48.6912 12.5046 -1.8946 1.0000 5 0.1441
5084 44 68.8462 11.8008 -2.1055 0.9900 4 0.2536
5086 49 29.1944 8.8384 2.2409 0.0200 4 0.2825
6342 8 37.7433 12.4515 -2.3887 1.0000 4 0.0461
6348 307 491.5250 52.0702 -3.5438 1.0000 7 1.7698
6350 30 65.1100 15.5326 -2.2604 1.0000 5 0.1729
6356 25 94.5000 16.6070 -4.1850 1.0000 5 0.1441
6358 11 33.2271 9.8399 -2.2589 1.0000 2 0.0634
6364 235 264.0557 31.9401 -0.9097 0.7800 6 1.3547
6366 32 34.1350 8.5860 -0.2487 0.6100 4 0.1845
6550 21 36.4729 10.3584 -1.4938 0.9800 4 0.1211
6552 1112 727.9150 76.9701 4.9901 0.0000 10 6.4104
6554 447 402.8614 39.1992 1.1260 0.1600 6 2.5768
6558 28 30.9600 8.1256 -0.3643 0.6300 3 0.1614
6598 4 19.8943 6.4063 -2.4811 1.0000 3 0.0231
6602 16 34.4271 9.1880 -2.0056 1.0000 2 0.0922
6604 192 237.8571 33.5189 -1.3681 0.9100 6 1.1068
6606 11 20.5938 6.1899 -1.5499 0.9600 4 0.0634
6614 30 28.4500 7.9849 0.1941 0.4100 4 0.1729
6616 561 255.4914 34.3885 8.8840 0.0000 10 3.2340
6618 39 52.1063 11.4206 -1.1476 0.8900 6 0.2248
6620 387 218.0913 28.0148 6.0293 0.0000 8 2.2310
6622 55 24.4611 8.3276 3.6672 0.0000 4 0.3171
6854 7 9.9886 4.0709 -0.7341 0.7900 3 0.0404
6858 47 80.6057 15.3135 -2.1945 0.9900 5 0.2709
6862 27 16.4700 6.0903 1.7290 0.0500 3 0.1556
6870 10 12.3413 4.8829 -0.4795 0.7000 2 0.0576
6874 17 49.2088 9.6854 -3.3255 1.0000 5 0.0980
6876 27 28.6975 6.7315 -0.2522 0.6200 5 0.1556
6878 16 12.6189 3.9328 0.8597 0.2100 3 0.0922
7126 21 6.8067 4.0071 3.5421 0.0100 2 0.1211
7128 101 19.5362 6.7049 12.1499 0.0000 6 0.5822
7130 49 27.8889 6.8355 3.0884 0.0000 6 0.2825
7134 39 5.3190 2.7815 12.1090 0.0000 3 0.2248
13142 361 93.6462 28.5372 9.3686 0.0000 6 2.0811
13146 37 29.6825 8.5607 0.8548 0.2000 3 0.2133
13148 24 35.5925 6.8884 -1.6829 0.9800 4 0.1384
13150 32 31.8644 8.8349 0.0153 0.5900 3 0.1845
13260 2 6.8725 3.1933 -1.5259 0.9500 1 0.0115
13262 3 12.4800 4.0996 -2.3124 1.0000 3 0.0173
13278 16 4.7880 3.0997 3.6171 0.0100 3 0.0922
14678 7 16.3362 5.9609 -1.5663 0.9800 3 0.0404
14686 1 2.4311 1.7991 -0.7955 0.8500 1 0.0058
14790 1 2.1063 1.6571 -0.6676 0.8000 1 0.0058
14798 6 9.4389 3.9474 -0.8712 0.8800 3 0.0346
14810 12 8.8500 3.8954 0.8086 0.2100 3 0.0692
14812 29 22.6511 6.0282 1.0532 0.2000 6 0.1672
14814 19 8.4970 3.9351 2.6691 0.0300 5 0.1095
15258 211 27.7900 10.0892 18.1590 0.0000 6 1.2164
15262 40 9.7670 3.9282 7.6964 0.0000 4 0.2306
15310 6 5.1690 3.1056 0.2676 0.4100 2 0.0346
15326 30 3.8455 2.4134 10.8373 0.0000 3 0.1729
31710 16 0.2300 0.4683 33.6759 0.0000 2 0.0922
