6 54 47.9310 2.0431 2.9704 0.0070 3 49.5868
12 232 220.6330 3.9865 2.8514 0.0010 4 213.0395
14 67 62.4050 3.2618 1.4087 0.1260 4 61.5243
36 408 403.0110 2.8732 1.7364 0.0540 5 374.6556
38 16 21.3220 3.0695 -1.7338 0.9780 1 14.6924
46 10 9.6670 2.0140 0.1653 0.5330 1 9.1827
74 234 227.2450 4.9978 1.3516 0.1130 4 214.8760
78 19 19.3670 1.8557 -0.1978 0.6760 3 17.4472
98 0 0.6340 0.7633 -0.8306 1.0000 0 0.0000
102 4 8.1430 1.9246 -2.1526 0.9960 2 3.6731
108 25 25.7470 2.7994 -0.2668 0.6740 1 22.9568
110 16 17.1180 2.3146 -0.4830 0.7460 1 14.6924
238 4 3.5050 0.8489 0.5831 0.4840 2 3.6731
