
   Summary motif results
   =====================
mfinder Version 1.20

MOTIF FINDER RESULTS:

	Network name: ../data/pdc_20_closed.txt
	Network type: Directed
	Num of Nodes: 63 Num of Edges: 789
	Num of Nodes with edges: 63
	Maximal out degree (out-hub) : 30
	Maximal in degree (in-hub) : 34
	Roots num: 2 Leaves num: 0
	Single Edges num: 601 Mutual Edges num: 88

	Motif size searched  4
	Total number of 4-node subgraphs : 173454
	Number of random networks generated : 100
	Random networks generation method: Switches
	Num of Switches range: 100.0-200.0, Success switches Ratio:0.282+-0.00

The following motifs were found:

Criteria taken : Nreal Zscore > 2.00
                 Pval ignored (due to small number of random networks)
                 Mfactor > 1.10
                 Uniqueness >= 4


	Top Motifs List

MOTIF	NREAL	NRAND		NREAL	NREAL	UNIQ	CREAL
ID		STATS		ZSCORE	PVAL	VAL	[MILI]	

206	1566	1205.9+-67.7	5.32	0.000	8	9.03

0 1 1 1 
0 0 1 1 
0 0 0 0 
0 0 0 0 

904	1385	1058.8+-86.5	3.77	0.000	10	7.98

0 0 0 1 
0 0 0 1 
1 1 0 0 
0 0 0 0 

906	1186	690.0+-57.4	8.64	0.000	9	6.84

0 1 0 1 
0 0 0 1 
1 1 0 0 
0 0 0 0 

922	626	182.8+-25.1	17.64	0.000	7	3.61

0 1 0 1 
1 0 0 1 
1 1 0 0 
0 0 0 0 

2254	1172	758.8+-66.5	6.21	0.000	8	6.76

0 1 1 1 
0 0 1 1 
0 0 0 1 
0 0 0 0 

2524	614	196.8+-29.3	14.24	0.000	6	3.54

0 0 1 1 
1 0 1 1 
1 0 0 1 
0 0 0 0 

6552	1112	727.9+-77.0	4.99	0.000	10	6.41

0 0 0 1 
1 0 0 1 
1 0 0 1 
1 0 0 0 



	(Total No. of non-dangling motifs : 28)



	Full list includes 40 motifs
MOTIF	NREAL	NRAND		NREAL	NREAL	UNIQ	CREAL
ID		STATS		ZSCORE	PVAL	VAL	[MILI]	

94	1240	842.2+-74.5	5.34	0.000	9	7.15

0 1 1 1 
1 0 1 0 
0 0 0 0 
0 0 0 0 

206	1566	1205.9+-67.7	5.32	0.000	8	9.03

0 1 1 1 
0 0 1 1 
0 0 0 0 
0 0 0 0 

222	374	100.0+-24.5	11.17	0.000	6	2.16

0 1 1 1 
1 0 1 1 
0 0 0 0 
0 0 0 0 

344	3054	1952.1+-100.7	10.94	0.000	12	17.61

0 0 0 1 
1 0 1 0 
1 0 0 0 
0 0 0 0 

348	1528	1351.2+-87.3	2.03	0.020	11	8.81

0 0 1 1 
1 0 1 0 
1 0 0 0 
0 0 0 0 

394	1749	1488.7+-93.0	2.80	0.000	10	10.08

0 1 0 1 
0 0 0 1 
1 0 0 0 
0 0 0 0 

410	1253	915.8+-91.8	3.68	0.000	8	7.22

0 1 0 1 
1 0 0 1 
1 0 0 0 
0 0 0 0 

468	2078	1868.5+-99.9	2.09	0.030	9	11.98

0 0 1 0 
1 0 1 1 
1 0 0 0 
0 0 0 0 

478	243	131.2+-18.3	6.11	0.000	6	1.40

0 1 1 1 
1 0 1 1 
1 0 0 0 
0 0 0 0 

856	631	188.5+-25.3	17.49	0.000	7	3.64

0 0 0 1 
1 0 1 0 
1 1 0 0 
0 0 0 0 

862	188	74.6+-24.3	4.67	0.000	5	1.08

0 1 1 1 
1 0 1 0 
1 1 0 0 
0 0 0 0 

904	1385	1058.8+-86.5	3.77	0.000	10	7.98

0 0 0 1 
0 0 0 1 
1 1 0 0 
0 0 0 0 

906	1186	690.0+-57.4	8.64	0.000	9	6.84

0 1 0 1 
0 0 0 1 
1 1 0 0 
0 0 0 0 

910	275	180.8+-26.0	3.62	0.000	8	1.59

0 1 1 1 
0 0 0 1 
1 1 0 0 
0 0 0 0 

922	626	182.8+-25.1	17.64	0.000	7	3.61

0 1 0 1 
1 0 0 1 
1 1 0 0 
0 0 0 0 

926	113	69.2+-12.9	3.39	0.000	5	0.65

0 1 1 1 
1 0 0 1 
1 1 0 0 
0 0 0 0 

2202	1551	851.0+-79.6	8.79	0.000	10	8.94

0 1 0 1 
1 0 0 1 
0 0 0 1 
0 0 0 0 

2206	425	295.9+-37.7	3.42	0.000	8	2.45

0 1 1 1 
1 0 0 1 
0 0 0 1 
0 0 0 0 

2254	1172	758.8+-66.5	6.21	0.000	8	6.76

0 1 1 1 
0 0 1 1 
0 0 0 1 
0 0 0 0 

2270	277	62.0+-16.0	13.44	0.000	5	1.60

0 1 1 1 
1 0 1 1 
0 0 0 1 
0 0 0 0 

2524	614	196.8+-29.3	14.24	0.000	6	3.54

0 0 1 1 
1 0 1 1 
1 0 0 1 
0 0 0 0 

2526	201	51.5+-12.5	11.98	0.000	4	1.16

0 1 1 1 
1 0 1 1 
1 0 0 1 
0 0 0 0 

3038	75	4.2+-2.9	24.66	0.000	4	0.43

0 1 1 1 
1 0 1 1 
1 1 0 1 
0 0 0 0 

4678	720	407.6+-42.9	7.28	0.000	10	4.15

0 1 1 0 
0 0 1 0 
0 1 0 0 
1 0 0 0 

4950	496	158.5+-49.0	6.89	0.000	5	2.86

0 1 1 0 
1 0 1 0 
1 1 0 0 
1 0 0 0 

4952	341	160.6+-20.2	8.93	0.000	7	1.97

0 0 0 1 
1 0 1 0 
1 1 0 0 
1 0 0 0 

5016	815	528.1+-52.0	5.52	0.000	9	4.70

0 0 0 1 
1 0 0 1 
1 1 0 0 
1 0 0 0 

5018	321	244.4+-28.0	2.74	0.020	7	1.85

0 1 0 1 
1 0 0 1 
1 1 0 0 
1 0 0 0 

5080	213	137.8+-20.9	3.60	0.000	7	1.23

0 0 0 1 
1 0 1 1 
1 1 0 0 
1 0 0 0 

5086	49	29.2+-8.8	2.24	0.020	4	0.28

0 1 1 1 
1 0 1 1 
1 1 0 0 
1 0 0 0 

6552	1112	727.9+-77.0	4.99	0.000	10	6.41

0 0 0 1 
1 0 0 1 
1 0 0 1 
1 0 0 0 

6616	561	255.5+-34.4	8.88	0.000	10	3.23

0 0 0 1 
1 0 1 1 
1 0 0 1 
1 0 0 0 

6620	387	218.1+-28.0	6.03	0.000	8	2.23

0 0 1 1 
1 0 1 1 
1 0 0 1 
1 0 0 0 

6622	55	24.5+-8.3	3.67	0.000	4	0.32

0 1 1 1 
1 0 1 1 
1 0 0 1 
1 0 0 0 

7128	101	19.5+-6.7	12.15	0.000	6	0.58

0 0 0 1 
1 0 1 1 
1 1 0 1 
1 0 0 0 

7130	49	27.9+-6.8	3.09	0.000	6	0.28

0 1 0 1 
1 0 1 1 
1 1 0 1 
1 0 0 0 

13142	361	93.6+-28.5	9.37	0.000	6	2.08

0 1 1 0 
1 0 1 0 
1 1 0 0 
1 1 0 0 

14814	19	8.5+-3.9	2.67	0.030	5	0.11

0 1 1 1 
1 0 1 1 
1 0 0 1 
1 1 0 0 

15258	211	27.8+-10.1	18.16	0.000	6	1.22

0 1 0 1 
1 0 0 1 
1 1 0 1 
1 1 0 0 

15262	40	9.8+-3.9	7.70	0.000	4	0.23

0 1 1 1 
1 0 0 1 
1 1 0 1 
1 1 0 0 




Full list of subgraphs size 4 ids:

	( Total num of different subgraphs size 4 is : 199 )

MOTIF	NREAL	NRAND		NREAL	NREAL	CREAL	UNIQ
ID		STATS		ZSCORE	PVAL	[MILI]	
14	3747	4761.7+-203.0	-5.00	1.000	21.60	9

28	2480	3035.6+-149.2	-3.72	1.000	14.30	11

30	732	1413.6+-99.3	-6.87	1.000	4.22	9

74	9102	8810.8+-248.8	1.17	0.140	52.47	11

76	20395	25500.3+-457.7	-11.15	1.000	117.57	11

78	6514	6923.9+-115.4	-3.55	1.000	37.55	10

90	592	805.7+-72.8	-2.93	1.000	3.41	10

92	3073	3224.7+-121.5	-1.25	0.900	17.72	10

94	1240	842.2+-74.5	5.34	0.000	7.15	9

204	1941	3313.4+-218.5	-6.28	1.000	11.19	10

206	1566	1205.9+-67.7	5.32	0.000	9.03	8

222	374	100.0+-24.5	11.17	0.000	2.16	6

280	4849	5226.7+-233.3	-1.62	0.940	27.96	10

282	1778	2834.7+-138.2	-7.64	1.000	10.25	10

286	164	479.0+-47.9	-6.58	1.000	0.95	5

328	3840	4037.5+-182.2	-1.09	0.860	22.13	11

330	154	544.4+-83.2	-4.69	1.000	0.89	5

332	1654	3395.0+-199.3	-8.74	1.000	9.53	9

334	189	663.0+-67.6	-7.01	1.000	1.09	8

344	3054	1952.1+-100.7	10.94	0.000	17.61	12

346	173	320.5+-37.0	-3.98	1.000	1.00	7

348	1528	1351.2+-87.3	2.03	0.020	8.81	11

350	284	266.4+-34.4	0.51	0.310	1.64	5

390	1114	1298.1+-75.9	-2.43	1.000	6.42	10

392	12571	11489.7+-334.3	3.23	0.000	72.47	12

394	1749	1488.7+-93.0	2.80	0.000	10.08	10

396	2854	3619.4+-146.4	-5.23	1.000	16.45	11

398	373	698.7+-69.2	-4.70	1.000	2.15	10

404	4713	5354.8+-184.0	-3.49	1.000	27.17	11

406	256	833.1+-64.8	-8.91	1.000	1.48	6

408	5455	5555.0+-147.3	-0.68	0.760	31.45	10

410	1253	915.8+-91.8	3.68	0.000	7.22	8

412	851	1462.3+-89.0	-6.86	1.000	4.91	9

414	132	297.3+-38.0	-4.35	1.000	0.76	6

454	219	440.9+-44.8	-4.94	1.000	1.26	6

456	1612	2122.8+-91.0	-5.61	1.000	9.29	10

458	56	191.4+-31.0	-4.37	1.000	0.32	3

460	804	1750.3+-109.0	-8.68	1.000	4.64	8

462	127	230.7+-29.2	-3.55	1.000	0.73	8

468	2078	1868.5+-99.9	2.09	0.030	11.98	9

470	237	387.0+-42.7	-3.51	1.000	1.37	6

472	1164	1459.8+-73.8	-4.02	1.000	6.71	9

474	107	167.1+-27.7	-2.17	0.990	0.62	6

476	962	992.9+-65.2	-0.47	0.690	5.55	10

478	243	131.2+-18.3	6.11	0.000	1.40	6

856	631	188.5+-25.3	17.49	0.000	3.64	7

858	246	209.0+-26.3	1.41	0.060	1.42	6

862	188	74.6+-24.3	4.67	0.000	1.08	5

904	1385	1058.8+-86.5	3.77	0.000	7.98	10

906	1186	690.0+-57.4	8.64	0.000	6.84	9

908	270	390.2+-41.0	-2.93	1.000	1.56	9

910	275	180.8+-26.0	3.62	0.000	1.59	8

922	626	182.8+-25.1	17.64	0.000	3.61	7

924	63	110.0+-17.6	-2.67	1.000	0.36	5

926	113	69.2+-12.9	3.39	0.000	0.65	5

972	30	131.9+-19.7	-5.18	1.000	0.17	4

974	94	105.9+-16.6	-0.72	0.760	0.54	6

990	98	27.0+-9.9	7.18	0.000	0.56	3

2184	6349	8321.0+-326.5	-6.04	1.000	36.60	14

2186	9091	9236.1+-148.6	-0.97	0.870	52.41	12

2190	1360	1219.6+-73.4	1.92	0.030	7.84	11

2202	1551	851.0+-79.6	8.79	0.000	8.94	10

2204	933	1152.4+-65.6	-3.34	1.000	5.38	9

2206	425	295.9+-37.7	3.42	0.000	2.45	8

2252	1944	2114.0+-102.5	-1.66	0.960	11.21	10

2254	1172	758.8+-66.5	6.21	0.000	6.76	8

2270	277	62.0+-16.0	13.44	0.000	1.60	5

2458	799	686.6+-63.2	1.78	0.020	4.61	8

2462	72	66.8+-15.7	0.33	0.380	0.42	6

2506	14	31.7+-8.7	-2.03	1.000	0.08	4

2510	111	84.1+-14.9	1.81	0.020	0.64	6

2524	614	196.8+-29.3	14.24	0.000	3.54	6

2526	201	51.5+-12.5	11.98	0.000	1.16	4

3038	75	4.2+-2.9	24.66	0.000	0.43	4

4370	3209	4541.0+-234.1	-5.69	1.000	18.50	9

4374	369	1077.6+-86.1	-8.23	1.000	2.13	6

4382	18	100.8+-19.5	-4.24	1.000	0.10	3

4418	501	933.1+-125.3	-3.45	1.000	2.89	6

4420	2633	3168.3+-166.3	-3.22	1.000	15.18	10

4422	553	638.5+-52.7	-1.62	0.950	3.19	9

4424	2626	2481.7+-117.0	1.23	0.110	15.14	9

4426	77	259.7+-40.4	-4.52	1.000	0.44	6

4428	686	1549.6+-84.4	-10.23	1.000	3.95	8

4430	45	211.2+-24.4	-6.82	1.000	0.26	4

4434	584	1087.8+-96.4	-5.23	1.000	3.37	8

4436	4616	4325.7+-163.5	1.78	0.040	26.61	11

4438	561	636.7+-62.6	-1.21	0.890	3.23	7

4440	1592	1679.3+-109.3	-0.80	0.800	9.18	11

4442	70	253.2+-30.7	-5.97	1.000	0.40	6

4444	524	987.5+-76.7	-6.05	1.000	3.02	7

4446	41	168.0+-18.4	-6.88	1.000	0.24	5

4546	13	61.6+-19.5	-2.49	1.000	0.07	4

4548	985	1163.7+-76.2	-2.34	1.000	5.68	8

4550	31	81.8+-17.5	-2.91	1.000	0.18	5

4556	136	354.5+-31.7	-6.89	1.000	0.78	6

4558	8	33.1+-9.1	-2.75	1.000	0.05	3

4562	28	106.7+-22.7	-3.46	1.000	0.16	4

4564	1021	1135.1+-63.2	-1.81	0.950	5.89	9

4566	40	124.8+-20.6	-4.11	1.000	0.23	4

4572	197	328.1+-39.4	-3.33	1.000	1.14	5

4574	34	38.9+-9.8	-0.50	0.680	0.20	4

4678	720	407.6+-42.9	7.28	0.000	4.15	10

4682	734	799.7+-30.8	-2.14	0.990	4.23	10

4686	175	187.7+-24.2	-0.53	0.720	1.01	6

4692	648	752.9+-69.0	-1.52	0.940	3.74	9

4694	460	394.5+-47.0	1.40	0.040	2.65	8

4698	33	207.3+-28.5	-6.13	1.000	0.19	4

4700	90	202.4+-20.6	-5.46	1.000	0.52	6

4702	28	136.9+-17.9	-6.07	1.000	0.16	3

4740	28	87.9+-17.5	-3.43	1.000	0.16	2

4742	40	118.6+-21.7	-3.63	1.000	0.23	3

4748	68	300.7+-34.5	-6.75	1.000	0.39	6

4750	62	142.9+-20.4	-3.97	1.000	0.36	6

4758	18	29.2+-8.4	-1.34	0.930	0.10	3

4764	38	81.3+-17.3	-2.51	1.000	0.22	4

4766	28	50.4+-10.4	-2.15	0.990	0.16	3

4812	30	119.5+-16.7	-5.35	1.000	0.17	6

4814	52	94.1+-13.3	-3.16	1.000	0.30	6

4830	11	21.6+-6.1	-1.73	0.980	0.06	2

4946	549	618.7+-68.9	-1.01	0.840	3.16	8

4950	496	158.5+-49.0	6.89	0.000	2.86	5

4952	341	160.6+-20.2	8.93	0.000	1.97	7

4954	73	154.4+-19.4	-4.19	1.000	0.42	6

4958	29	47.3+-12.8	-1.42	0.940	0.17	4

4994	183	439.0+-58.1	-4.41	1.000	1.05	5

4998	47	76.2+-16.1	-1.81	0.980	0.27	2

5002	212	289.2+-34.9	-2.21	1.000	1.22	8

5004	35	180.8+-19.8	-7.36	1.000	0.20	6

5006	27	58.8+-10.1	-3.16	1.000	0.16	3

5010	400	408.3+-47.6	-0.17	0.540	2.31	8

5012	47	136.0+-18.7	-4.75	1.000	0.27	5

5014	31	63.0+-11.2	-2.86	1.000	0.18	4

5016	815	528.1+-52.0	5.52	0.000	4.70	9

5018	321	244.4+-28.0	2.74	0.020	1.85	7

5020	36	78.3+-13.5	-3.14	1.000	0.21	4

5022	13	40.8+-9.7	-2.87	1.000	0.07	5

5058	25	72.1+-14.3	-3.29	1.000	0.14	6

5062	16	38.9+-8.7	-2.64	1.000	0.09	3

5064	86	108.2+-14.7	-1.51	0.930	0.50	7

5066	22	46.2+-10.0	-2.43	1.000	0.13	4

5068	15	113.7+-17.2	-5.75	1.000	0.09	3

5070	13	31.6+-6.8	-2.73	0.990	0.07	3

5074	33	78.0+-13.5	-3.33	1.000	0.19	4

5076	44	114.8+-17.2	-4.13	1.000	0.25	6

5078	46	42.6+-16.3	0.21	0.380	0.27	4

5080	213	137.8+-20.9	3.60	0.000	1.23	7

5082	25	48.7+-12.5	-1.89	1.000	0.14	5

5084	44	68.8+-11.8	-2.11	0.990	0.25	4

5086	49	29.2+-8.8	2.24	0.020	0.28	4

6342	8	37.7+-12.5	-2.39	1.000	0.05	4

6348	307	491.5+-52.1	-3.54	1.000	1.77	7

6350	30	65.1+-15.5	-2.26	1.000	0.17	5

6356	25	94.5+-16.6	-4.18	1.000	0.14	5

6358	11	33.2+-9.8	-2.26	1.000	0.06	2

6364	235	264.1+-31.9	-0.91	0.780	1.35	6

6366	32	34.1+-8.6	-0.25	0.610	0.18	4

6550	21	36.5+-10.4	-1.49	0.980	0.12	4

6552	1112	727.9+-77.0	4.99	0.000	6.41	10

6554	447	402.9+-39.2	1.13	0.160	2.58	6

6558	28	31.0+-8.1	-0.36	0.630	0.16	3

6598	4	19.9+-6.4	-2.48	1.000	0.02	3

6602	16	34.4+-9.2	-2.01	1.000	0.09	2

6604	192	237.9+-33.5	-1.37	0.910	1.11	6

6606	11	20.6+-6.2	-1.55	0.960	0.06	4

6614	30	28.4+-8.0	0.19	0.410	0.17	4

6616	561	255.5+-34.4	8.88	0.000	3.23	10

6618	39	52.1+-11.4	-1.15	0.890	0.22	6

6620	387	218.1+-28.0	6.03	0.000	2.23	8

6622	55	24.5+-8.3	3.67	0.000	0.32	4

6854	7	10.0+-4.1	-0.73	0.790	0.04	3

6858	47	80.6+-15.3	-2.19	0.990	0.27	5

6862	27	16.5+-6.1	1.73	0.050	0.16	3

6870	10	12.3+-4.9	-0.48	0.700	0.06	2

6874	17	49.2+-9.7	-3.33	1.000	0.10	5

6876	27	28.7+-6.7	-0.25	0.620	0.16	5

6878	16	12.6+-3.9	0.86	0.210	0.09	3

7126	21	6.8+-4.0	3.54	0.010	0.12	2

7128	101	19.5+-6.7	12.15	0.000	0.58	6

7130	49	27.9+-6.8	3.09	0.000	0.28	6

7134	39	5.3+-2.8	12.11	0.000	0.22	3

13142	361	93.6+-28.5	9.37	0.000	2.08	6

13146	37	29.7+-8.6	0.85	0.200	0.21	3

13148	24	35.6+-6.9	-1.68	0.980	0.14	4

13150	32	31.9+-8.8	0.02	0.590	0.18	3

13260	2	6.9+-3.2	-1.53	0.950	0.01	1

13262	3	12.5+-4.1	-2.31	1.000	0.02	3

13278	16	4.8+-3.1	3.62	0.010	0.09	3

14678	7	16.3+-6.0	-1.57	0.980	0.04	3

14686	1	2.4+-1.8	-0.80	0.850	0.01	1

14790	1	2.1+-1.7	-0.67	0.800	0.01	1

14798	6	9.4+-3.9	-0.87	0.880	0.03	3

14810	12	8.8+-3.9	0.81	0.210	0.07	3

14812	29	22.7+-6.0	1.05	0.200	0.17	6

14814	19	8.5+-3.9	2.67	0.030	0.11	5

15258	211	27.8+-10.1	18.16	0.000	1.22	6

15262	40	9.8+-3.9	7.70	0.000	0.23	4

15310	6	5.2+-3.1	0.27	0.410	0.03	2

15326	30	3.8+-2.4	10.84	0.000	0.17	3

31710	16	0.2+-0.5	33.68	0.000	0.09	2



 (Application total runtime was:  33.68 minutes).

 (Real network processing runtime was:   18.0 seconds.)

 (Single Random network processing runtime was:   20.0 seconds.)
