6 2046 2323.8335 27.2993 -10.1956 1.0000 18 181.6312
12 2072 2074.1960 31.6686 -0.0693 0.5310 16 183.9843
14 539 747.2883 21.3530 -9.7702 1.0000 12 47.8312
36 2680 2985.3225 28.5126 -10.6908 1.0000 19 238.0163
38 1462 1302.0073 25.2455 6.3243 0.0000 16 129.7894
46 261 135.1118 10.9004 11.5489 0.0000 12 23.1756
74 1130 1366.8080 29.6133 -7.9967 1.0000 15 100.3389
78 80 191.6082 10.5014 -10.6279 1.0000 8 7.1036
98 30 69.5060 9.1492 -4.3180 1.0000 6 2.6639
102 126 191.6958 14.4241 -4.5546 1.0000 10 11.1882
108 510 372.3132 15.7882 8.7209 0.0000 12 45.2857
110 139 125.8562 9.2219 1.4253 0.0820 9 12.3426
238 45 12.7682 3.0768 10.4759 0.0000 6 3.9958
