6 41 33.7120 2.3075 3.1584 0.0080 3 30.3479
12 253 243.2340 4.8065 2.0318 0.0040 4 187.2687
14 68 66.5580 3.0315 0.4757 0.3910 4 50.3331
36 562 555.7020 3.5527 1.7727 0.0290 4 415.9882
38 17 24.3670 3.5402 -2.0810 0.9960 1 12.5833
46 9 7.9310 1.7565 0.6086 0.3670 2 6.6617
74 322 318.5780 6.4137 0.5335 0.3110 3 238.3420
78 36 37.1440 2.3742 -0.4818 0.7640 2 26.6469
98 0 0.2460 0.4793 -0.5133 1.0000 0 0.0000
102 3 4.6610 2.1792 -0.7622 0.8490 1 2.2206
108 24 23.9210 3.4162 0.0231 0.5830 2 17.7646
110 12 13.9190 2.1816 -0.8796 0.8670 2 8.8823
238 4 2.9790 0.9140 1.1171 0.2530 2 2.9608
